703370	703309	703335	703496	703348	703310
914632	918433	1799562	1799599	1799490	1799586	914650	1799540	1799501	914657	1799503	914661	914635	1799543	1799493	1799502	1799573	914630	1799513	914586	1799504	914612	1799491	914623	914658	588671	1799477	1799480	1816455	914634	1799482	914605	914591	1799497	1114655	914611	1799505	914641	1799588	1470004	914639	914624	1799506	1799500	914654	914651	818538	914599	914602	914601	1616826	1799478	1799537	914598	1255778	1799542	1799484	914608	914626	914631	914636	1799481	914643	914633	1799589	914652	442259	914603	914595	914625	914642	914597	914596	1799601	202242	441667	914616	1799594	914590	1799494	914588	1799604	914627	914593	914629	914618	1056668	914609	693162	914648	1799488	1799492	918762	1799539	823726	914622	1799489	1799479	914621	914646	584675	914606	1799485	1673931	914617	914640	1731653	1799546	914592	1799515	113568	1799538	914619	530550	823800	1799611	914607	914638	914628	2683791	1799545
1868750	1868764	1868788	1868772	1868765	2837311	1868769	1868738	2837307	1868733	1868755	1868751	1868753	2837300	1868731	1868775	1868789	1868739	1868767	1868743	2837316	1868758	1868766	1868777	1868786	1868749	1868771	1868748	1868790	2837301	2837298	1868791	1868756	1868747	2837303	1868752	1868744	1868754	1868761	1868762	1868787	1868760	1868763	1868735	1868609	1868770	1868742	1868730	2837310	1868779
2972945	2973094	2973106	2972950	2972965	3593299	3593283	2973085	2972966	2973099	2972941	2972969	2972959	2973091	3593296	2972990	3593291	3593290	3593292	2972939	3593285	2973101	2973116	3593280	2973123	3593276	2973114	2973120	2972958	2973109	2973089	2973100	2972944	2973105	2973110	2973253	2973043	3593418	2972951	3593274	3574421	2973111	2973084	2973087	2973117	2972948	3593275	3593288	3593281	2973118	2973098	3593294	3593284	2973113	2972956	2973107	2973108	3593287	3593277	2973097	2973121	2973095	2972968	3593278	2973090	2973103	2973088	3593293	2972942	2973092	2972940	2972943	2973115	2972955
2946355	2946356	2946354	2946327	2946394	2946311	2946333	2946329	2946357	2946392	2946314	2946324	1226907	2946312	2005624	2946325	2946310	2946330	2946359	2946326	2556352	2946303	2946300	2946316	2946292
2972867	2972892	2972908	2972920	2972880	2972884	2972902	2972875	2972919	2972882	2972922	2972907	2972894	2972888	2972925	2972915	2972924	2972891	2972854	2972929	2972921	2972903	2972847	2972930	2972912	2973040	2972917	2972857	2972850	2972879	2972870	2972863	2972916	2972895	2972901	2972860	2972851	2972918	2972886	2972896	2972843	2972899	2972911	2972890	2972898	2972926	2972914	2972844	2972842	2972900	2972852	2972927	2972909	2972871	2972833	2972849	2972881	2972905	2972923	2972840	2972897	2972936	2972858	2972841	2972864	2972883	2972848	2972904
2562704	2562756	2562751	2562740	2562765	2562782	2562763	2562743	2562715	2562768	2562753	2562719	2562711	2275182	2562764	2562729	2562737	2562734	2562754	2562707	2562722	2562766	2562748	2562699	2562700
3339414	3339418	1705910	3339425	2054339	3339450	1334183	3339499	3339447	3339459	1705909	2054338	1705899	3339409	1705929	2054368	1705907	3339421	2054341	2054342	3339413	1705914	2054355	2054343	2054350	2054353	2054337	1838860	1705902	1705911	1705922	2054359	2054344	2054357	2054331	1705913	2054352	2054371	1705915	1705916	1705900	1705901	3339420	2054351	2054372
3984674	3984673	2477675
3474633	2110945	3474634	3474641	2110940	2110947	2265879	2110941	3474645	3474639	3474644	3474636	3474638	3474632	2110942	2110943	2110944	3474643	3474635	3474642	3474637	3474640	3824212
3343463	3343390	3343452	3343386	3343418	3343405	2101464	3343396	3343454	3343402	3343375	3343440	3343401	3343399
2635289	2635384	2635234	2635413	2635395	2635389	2635291	2635379	2635308	2635400	2635369	2635399	2635305	2635285	2635391	2635288	2635375	2635451	2635333	2635397	2621782	2635387	2312497	2312460	2635388	2635292	2635381	2218632	2635390	2635383	2635378	2635392	2635304	2312463	2635376	2635385	2635393	2635398	2635295	2635303	2635290	2635386	2635286	2635377	2635247	2635282	2635301	2635394	2635187	2635287	2635380	2635382	2635306
1996647	1996583	2189839	1996635	1996518	1996588	1797653	1996549	1996516	1996546	1996476	1996568	1996572	1996480	1996560	1996606	1996475	2223557	1996488	1996601	1996644	2189882	1996605	1996542	1996534	1996610	1256335	1996551	1996600	1996492	1996662	1996468	1996536	1996565	1996615	1996526	1797630	1996612	1996461	1996625	1996495	1996478	1996515	1797628	1996527	1996544	2223535	1996541	1996484	1996663	939752	1996529	2223540	1996710	1996671	1996634	1996633	1996543	1996603	1996591	1996703	1996474	1996709	1996538	1996704	1996511	1256343	1996596	1865529	1996559	1996490	1996573	1996618	1996570	1996587	1996555	1996602	1996483	1996576	2189858	1996553	2189868	1996505	1996524	1996636	1996528	2189877	1996621
2973264	3593263	2973265	3593261	3593268	2973259	2973255	1132576	3593264	2973257	2727873	2973261	2973260	3593267	3593266	2973253	2973262	3593265	2973256	2973266	3593259	1364691	2973254	3593260	2973232	2973263	3593269
173441	905421	2528665	2528664	2528657	2528644	905423	905392	2528648	2528669	905416	2528642	2528666	15276	2528643	2528659	2528645	2528660	2528647	3060766	2528650	2528649	2528651	2743561	2528653	2528672	2528667	2528671	2528656	2528652	905395	905410	905405
2052656	2663659	2386927	2663676	1468666	1468667	2386883	2052659	1468670	2663667	970984	2052660	1711686	2386935	1468671	1690988	2386909	2235563	2386920	12276	2386922	1468668	2663669	2386914	2386913	2386916	1468673	2386917	1468665	2663660	2386925
2743538	2743520	2743500	2743526	2743529	2743471	2743468	2743547	1774429	2743536	2743527	2743494	2743517	2743535	2417448	2743481	2743533	2743523	2743532	2743525	2743480	2743499
3885652	3885667	3885619	3885627	3885638	3885626	3885621	3885641	3885622	3885664	3885670	3885630	3885615	3885616	3885624	3885668	3885656
3998829	3998832	3998826	3998837	3998835	3998828	3998827	3998824	3998838	3998830	3998834
2068643	2580188	2068645
1039850	3796450	2837687
2973180	2973190	2973187	2973191	2973189	2973186	2973196	2973183	2973199	2973182	2973205	2973201	2973203	2973192	2973193	2973178	2973185	2973179	2973195	2973181	2973177	2973194	2973162	2973204	2973202	2973176
970661	2878121	2818035
971788	971898	971879	971797	971987	971568	971509	971995	971887	971960	971901	971862	971982	971936	972012	971937	971835	971983	971882	972015	971943	971897	971947	971900	971781	971955	971892	971905	971944	971833	971856	971859	972022	971852	972018	972009	971980	971877	971945	971996	971864	971869	972000	971939	1964684	971847	971953	971927	971857	971930	971958	971858	971999	971942	971873	1964688	971923	972027	971925	971904	972021	971906	971957	971891	971935	971829	971846	971908	971941	971872	971990
403762	792137	566899
1715364	3938200	383149
3459896	1785531	1785529	401154	3459881	1711507	1785539	3313880	3459882	1785537	1785527
3381995	3112718	3112716	3112745	3381966	2837298	3112731	3112715	3112717
15124	15128	15268	15151	15225	15114	15096	15265	15123	15230	1093461	15118	15212	15112	15165	15137	15178	15227	15218	15102	15253	15270	15201	15242	15134	15139	1093459	15254	15259	15255	15189	15119	15153	15142	15231	15157	15243	15198	15248	2529225	15125	15245	15263	15130	15219	15110	15095	15141	1093465	15136	15209	15208	15159	15115	15127	15183	15162	15170	15147	15217	15271	15121	15129	15140	15138	15272	1093466	15090	15200	15191	15167	15256	15187	15229	2166192	15116	15152	15232	15111	15194	15226	15213	15215	15251	15161	2092807	15144	15244	15172	15120	15135	15196	15261	15109	15177	15145	15220	15146	15221	15214
4034184	4034183	4034186
