2635376	2635187	2635383	2635291	2218632	2635234	2635305	2635397	2635295	2635375	2635303	2635388	2635451	2635290	2635285	2635392	2635391	2635282	2635369	2635385	2621782	2635301	2635381	2635380	2635247	2635384	2050414	2312497	2635377	2635386	2635394	2635304	2635287	2635286	2635333	2635390	2635395	2635393	2635306	2635387	2635292	2635289	2312463	2312460	2635400	2635501	2635308	2635399	2635413	2635382	1582280	2635288	2635398	2635379	2635378	2635389
2386925	1468666	2386935	1690988	2663660	2386916	2386922	2235563	1711686	2663676	2663667	1468673	1468667	970984	2386917	2052656	12276	2386883	2386920	1468665	1468670	1468668	2386913	1468671	2386914	2663659	2663669	2052659	2386927	2052660	2386909
1705914	1838860	1705907	3339414	2054355	1705910	3339420	3339447	2054343	2054331	1334183	3339421	3339418	2054341	1705911	1705929	3339459	2054353	2054338	2054359	3339425	3339450	2054342	2054371	3339413	2054339	2054372	1705915	2054368	1705909	2054337	1705922	1705901	2054350	1705902	2054344	2054357	1705900	2054352	2054351	1705916	3339499	1705913	1705899	3339409
2972882	2972898	2972915	2972880	2972924	2972844	2972917	2972904	2972854	2972896	2972920	2972881	2972843	2972907	2972901	2972911	2972926	2972833	2972857	2972900	2972912	2972840	2972903	2972925	2972848	2972899	2972847	2972905	2972909	2972919	2972863	2972841	2972923	2972871	2972921	2972927	2972902	2972890	2972916	2972879	2972886	2972908	2972929	2972883	2972930	2972864	2972842	2972851	2972936	2972892	2972895	2972867	2972922	2972860	2972918	2972894	2972888	2972858	2973040	2972849	2972875	2972850	2972891	2972897	2972852	2972870	2972884	2972914
15102	15226	15125	15165	15242	15270	15217	15161	15095	15251	15128	2092807	15194	15232	15110	15123	15130	15209	1093459	15145	15198	15272	15170	15271	15178	15121	15116	15218	15167	15244	15219	15118	15140	15146	15136	15253	15147	15212	15221	15120	15243	15159	15187	15151	15230	15144	15172	15153	15114	15109	15129	15127	2166192	15162	15142	15227	15245	15248	15137	15096	15138	15200	1093466	15229	15157	15189	15225	15255	15111	15134	15268	15259	15263	15196	15231	15201	15135	15191	15112	1093461	15177	15261	15090	15256	15124	15139	15220	15183	15213	2529225	15215	15214	15141	15265	15208	15254	15115	15119	1093465	15152
1964705	971859	971983	971996	971925	972000	971908	971829	971904	971858	971953	1964684	971943	971852	971930	971847	971892	971982	1964717	972021	971941	971873	971901	971945	971891	971944	971995	972018	971942	971781	971939	971869	971935	971957	971936	972022	971923	1964690	971568	1964692	1964688	971897	971887	1964702	972012	1964700	971882	971846	971788	1964710	971864	971947	971980	972009	971958	971955	971990	971900	971877	971937	971856	971879	971927	971999	971857	971509	971906	971862	971872	971987	971898	971835	972027	971905	972015	971833	971960	971797
914646	1799503	1799611	1799513	914622	1799494	914632	914609	1799477	914635	2683791	442259	914661	1799493	588671	914616	1799502	1114655	914619	1799586	914588	918762	1799488	823726	584675	1799599	1799588	914618	914642	1799490	441667	823800	1616826	914627	1799601	914608	693162	113568	1799501	914621	1799504	1799481	914650	914643	914651	1799478	914630	1799489	914592	1255778	914607	1799562	1731653	914596	914617	914634	914593	1799589	914626	1799604	914629	914601	1799482	914633	1816455	914654	1799515	914658	1799545	914586	1799484	914597	914602	914657	914648	1799492	914641	918433	914590	1799546	914598	1799537	914636	914603	914639	914631	914640	914638	1470004	202242	1799542	1673931	1799491	1799573	1799505	1799594	914625	914652	818538	1799540	1799543	1799500	914612	1799506	914606	914624	1799538	1799479	914599	1799485	1799480	914611	914623	530550	1799497	914605	1056668	914595	914591	914628	1799539
2973090	2973114	3593290	2972943	2972956	2972940	2973105	3593299	2972941	2973113	3593285	3593294	3593278	2973120	2973085	2973091	3593276	2973117	2973108	3593296	3593284	2972958	2973092	2972990	2973106	2973103	2973111	3574421	2973109	2972948	2973115	2973098	2973118	3593280	2973094	2973088	2972942	3593277	2972966	2973043	2973116	2972945	2972939	3593287	2972955	2973089	2972969	2973084	2973095	2972968	2973121	2972959	2973107	2972950	2973101	3593291	2973087	3593281	2973100	2973099	3593283	2973110	2973123	3593275	2972965	2973097	3593292	3593418	2972951	2972944	3593293	3593288	3593274
1868755	1868763	1868747	1868779	2837316	1868791	1868770	1868762	1868733	2837307	1868744	1868761	1868743	1868777	1868748	1868749	1868752	1868738	1868765	1868750	2837298	1868609	1868742	1868730	1868760	1868767	2837300	1868766	1868775	1868758	2837303	1868788	1868753	1868739	1868790	1868756	1868735	1868754	2837310	1868772	1868764	1868751	1868787	2837301	2837311	1868786	1868771	1868769	1868789	1868731
2743529	2743520	2743468	2743494	2743525	2743481	2743471	2743523	2743527	2743499	2743538	2743535	2743500	2743547	2743517	2417448	2743533	2743526	2743480	2743536	1774429	2743532
32659	915511
2005624	1226907	2946325	2946357	2946394	2946311	2946310	2946333	2946312	2946324	2946329	2946356	2946314	2946300	2946359	2946355	2946354	2946330	2556352	2946392	2946303	2946292	2946326	2946327	2946316
792137	403762	566899
2528644	3060766	2528672	2528648	2743561	905395	905416	2528656	15276	2528665	905392	905423	2528671	173441	2528647	2528667	2528650	2528653	905421	2528651	2528657	2528659	2528669	2528643	2528649	2528660	2528652	2528642	2528666	2528645	905410	905405	2528664
1039850	2837687	3796450
4034183	4034184	4034186
2477675	3984674	3984673
393385	393519
3474640	3474634	2110940	3474638	2110944	2110941	3474642	3474643	3474635	2110945	3474645	2110943	3474639	3474641	3474636	2110947	3474633	3474632	2110942	3474637	2265879	3824212	3474644
2068645	2580188	2068643
2878121	2878093	970661	2818035
931581	1577287
592513
479103	604310
1996544	1996551	1996596	1996621	1996601	1996568	1996480	1996461	1996468	1996587	1996476	1865529	1996492	1996526	1996518	1996576	1996602	1996475	1996704	1996636	939752	1996647	2223535	1996573	1996490	1996612	1996484	1996703	1996546	1996527	1996633	1256343	1996536	1996538	1996516	1797630	2223540	1996583	1996603	1996615	1996671	2189877	1996524	1996588	1996541	1256335	1996529	1996511	1996488	1996559	1996549	2189839	1996663	1996565	1996618	1996625	1996528	2223557	1996542	2189858	1996543	1996662	1996709	1996600	1996634	1996610	1996534	1996474	1996570	1996560	2189868	1996478	1996606	1996710	1996515	1996591	1996483	1996553	1996505	1996495	1996572	1996605	1996644	1797653	1797628	1996635	2189882	1996555
1715364	383149	3938200
3313880	1785529	3459896	1785531	1785537	1785527	3459881	401154	1785539	1711507	3459882
3343418	3343463	3343396	3343375	3343405	3343454	3343401	3343440	3343402	2101464	3343399	3343452	3343390	3343386
3885630	3885641	3885615	3885616	3885668	3885664	3885656	3885626	3885622	3885652	3885670	3885624	3885621	3885638	3885619	3885627	3885667
3112718	3381995	3112715	3112745	3112717	3112731	3112716	3381966
3593259	2973257	2973232	1132576	2973265	3593261	3593264	2973263	2973255	2973256	3593260	2973254	3593266	3593268	3593263	3593265	2973266	2973260	1364691	2973253	2973259	2973262	3593267	3593269	2973261	2973264	2727873
703309	703496	703348	703370	703335	703310
2973183	2973199	2973179	2973201	2973191	2973162	2973185	2973195	2973177	2973187	2973196	2973181	2973180	2973202	2973190	2973192	2973204	2973182	2973189	2973203	2973186	2973176	2973193	2973178	2973205	2973194
590768
2562707	2562699	2562743	2562711	2562764	2562734	2562700	2562753	2562751	2562719	2562748	2562763	2562766	2562765	2562737	2562754	2562782	2562729	2562715	2562740	2562768	2562722	2562704	2562756	2275182
1846919	844020
438796
393551
3184471
971498
3998824	3998832	3998835	3998829	3998838	3998837	3998828	3998826	3998834	3998830	3998827
3727949
2257653
550328
706179
