2973107	2973121	3593274	3593292
1868609	1868743	1868744	1868753	1868755	1868760	1868763	1868767	1868770	1868771	1868789	2837301	2837316
15276	173441	905392	905395	905405	905416	2528643	2528644	2528645	2528647	2528648	2528649	2528650	2528652	2528653	2528656	2528660	2528664	2528666	2528667	2528669	2528671	2528672	2743561
2562699	2562700	2562707	2562711	2562715	2562719	2562722	2562729	2562734	2562737	2562748	2562753	2562756	2562763	2562764	2562766	2562768	2562782
1996475	1996546	1996568
1226907	2005624	2946292	2946300	2946310	2946312	2946314	2946316	2946324	2946325	2946329	2946330	2946333	2946354	2946356	2946357	2946394
2972860	2972864	2972888	2972912
1868751	1868755	1868761
2972940	2972948	2972951	2972966	2972990	2973089	2973094	2973101	2973105	2973115	2973118
971797	971829	971852
3593278	3593283	3593285	3593287	3593288	3593290
2972833	2972871	2972882	2972884	2972886	2972891	2972895	2972905	2972912	2972921	2972923	2972927
2275182	2562700	2562704	2562707	2562711	2562715	2562729	2562737	2562740	2562743	2562748	2562751	2562753	2562754	2562756	2562763	2562764	2562766	2562768	2562782
2972843	2972871	2972920	2972927
2972883	2972888	2972898	2972899	2972903	2972904	2972905	2972918	2972919
914590	1799493	1799513
2110940	2110942	2110944	2265879	3474633	3474634	3474636	3474639	3474640	3474642	3474643	3474644	3474645	3824212
2973179	2973180	2973181	2973183	2973187	2973192	2973193	2973201	2973202	2973204
3885615	3885622	3885624	3885627	3885630	3885638	3885652	3885664	3885667
914588	914603	914609
15109	15116	15120	15137	15138	15139	15142	15147	15183	15214	15230	15231	15243	15270
1868738	1868742	1868753	1868758	1868764	1868766
15096	15102	15110	15119	15127	15128	15130	15136	15141	15145	15161	15165	15167	15170	15183	15196	15209	15213	15218	15232	15243	15244	15253	15254	15256	15259	15263	15270	15271	1093466	2166192	2529225
1690988	2386925	2663669
173441	905405	2528660
2973088	3574421	3593274	3593275	3593276	3593277	3593278	3593281	3593283	3593284	3593287	3593288	3593290	3593291	3593292	3593293	3593294	3593299	3593418
971568	971781	971788	971833	971847	971852	971862	971864	971872	971882	971887	971891	971892	971898	971923	971925	971941	971943	971947	971955	971957	971958	971960	971982	971983	971987	971990	971995	972012	972015	1964690	1964710
2621782	2635378	2635391
2972939	2972944	2972945	2972948	2972950	2972951	2972958	2972959	2972965	2972966	2972969	2972990	2973043	2973084	2973085	2973088	2973090	2973091	2973092	2973094	2973095	2973097	2973098	2973099	2973100	2973101	2973103	2973105	2973107	2973108	2973109	2973111	2973114	2973115	2973116	2973117	2973121
2528643	2528648	2528651	2528652
1364691	2973255	2973256	2973257	2973259	2973260	2973264	3593259	3593260	3593263	3593264	3593268
1132576	1364691	2973232	2973253	2973257	2973261	2973263	2973266	3593259	3593263	3593265	3593266	3593267	3593269
113568	202242	441667	442259	530550	693162	914595	914598	914601	914638	914646	918433	918762	1255778	1616826	1673931	1799477	1799478	1799479	1799480	1799482	1799484	1799485	1799488	1799489	1799491	1799493	1799494	1799497	1799500	1799501	1799502	1799504	1799506	1799513	1799515	1799540	1799543	1799545	1799586	1799588	1799599	1799601	1799611	1816455	2683791
2562704	2562707	2562715	2562722	2562729	2562737	2562743	2562748	2562751	2562754	2562766	2562768
2556352	2946303	2946330
823800	914588	914592	914596	914618	914621	914622	914628	914629	914632	914633	914641	914642	914651	914652	914657
905405	905410	2528642	2528644	2528649	3060766
2973162	2973185	2973187	2973189	2973201
2562737	2562753	2562765
1774429	2743471	2743481	2743494	2743499	2743500	2743520	2743523	2743525	2743526	2743535	2743536
3112715	3112716	3112717	3112718	3112731	3112745	3381966	3381995
3885616	3885641	3885668	3885670
2743468	2743471	2743500	2743525	2743529	2743535	2743536
2972871	2972902	2972936
2417448	2743468	2743471	2743480	2743517	2743520	2743526	2743533	2743535
2110941	2265879	3474632	3474634	3474636	3474638	3474641
3574421	3593275	3593285	3593288	3593294
1132576	2973259	3593266	3593268	3593269
2972950	2972951	2972959	2973095	2973097	2973106	2973111
2972948	2972955	2972959	2972966	2972969	2973043	2973085	2973088	2973090	2973091	2973092	2973097	2973099	2973101	2973109	2973110	2973111	2973115	2973120
2275182	2562704	2562707	2562719	2562729	2562734	2562740	2562743	2562748	2562751	2562753	2562756	2562765	2562766	2562768	2562782
1774429	2743525	2743529
4034183	4034184	4034186
971509	971788	971829	971833	971835	971856	971858	971859	971873	971879	971882	971891	971892	971897	971900	971901	971904	971905	971908	971923	971927	971935	971936	971937	971939	971941	971942	971944	971945	971955	971958	971960	971980	971982	971983	971987	971990	971996	971999	972000	972009	972012	972015	972018	972021	972022	1964684	1964688	1964690	1964692	1964700	1964702	1964705	1964710
1705901	1705909	1705914	1705916	2054339	2054341	2054344	2054355	2054372	3339409	3339418	3339447
1868762	1868769	1868788	2837298
3885615	3885616	3885619	3885621	3885622	3885624	3885626	3885627	3885630	3885638	3885641	3885652	3885656	3885664	3885667	3885668	3885670
823800	914608	914623	914640	1799494
15090	15109	15116	15119	15128	15129	15130	15136	15139	15165	15183	15215	15218	15255
12276	970984	1468666	1468668	1468670	1468671	1690988	1711686	2386914	2386916	2386922	2386925	2386927	2663660	2663667	2663669	2663676
1868738	1868743	1868747	1868751	1868758	1868770	1868771	1868789	2837298
2973162	2973176	2973178	2973181	2973183	2973185	2973186	2973187	2973189	2973190	2973191	2973192	2973194	2973195	2973196	2973199	2973203
3885619	3885621	3885624	3885641	3885652	3885656	3885664	3885667	3885668	3885670
2110942	2110945	2265879	3474632	3474634	3474636	3474637	3474638	3474639	3474640	3474642	3474645
12276	2052656	2235563	2386909	2386914	2386916	2386917	2663659
1226907	2005624	2946292	2946312	2946314	2946316	2946327	2946329	2946330	2946354	2946355	2946357	2946359	2946394
1582280	2621782	2635187	2635247	2635290	2635292	2635306	2635333	2635377	2635378	2635379	2635381	2635385	2635389	2635390	2635391	2635392	2635394	2635395	2635451	2635501
2101464	3343386	3343399	3343402	3343440	3343454
2972959	2973087	2973094	2973095	2973108	2973123
12276	2052656	2052659	2235563	2386909	2386913	2386917	2386920	2386927	2663659	2663660
2110940	3474635	3474636	3474643	3474644	3824212
2275182	2562700	2562704	2562707	2562711	2562719	2562729	2562737	2562740	2562756	2562763	2562764	2562765	2562782
15110	15251	15270
2973177	2973178	2973179	2973181	2973183	2973190	2973191	2973192	2973193	2973199	2973202	2973204	2973205
703309	703310	703335	703348	703370	703496
2946311	2946325	2946355	2946392
15118	15172	15255	15261
971568	971847	971858	971904	971905	971906	971943	971957	971980	972000	972012
1996511	1996538	1996605	1996618	1996644	2189877
2556352	2946324	2946329
2973182	2973186	2973191	2973194
1582280	2312463	2635187	2635247	2635288	2635289	2635292	2635295	2635301	2635303	2635304	2635305	2635333	2635369	2635376	2635377	2635378	2635382	2635384	2635388	2635390	2635391	2635392	2635393	2635395	2635397	2635400	2635413	2635451
2050414	2621782	2635187	2635289	2635292	2635295	2635306	2635375	2635379	2635382	2635386	2635390	2635397	2635399	2635400
2562715	2562719	2562722	2562751	2562753	2562764
1868742	1868744	1868747	1868786	1868790	3112716	3112717	3112718	3112731	3112745	3381966	3381995
971788	971856	971857	971887	971906	971943	971958	971999
2275182	2562699	2562734	2562740	2562764	2562765
2101464	3343396	3343401
2972850	2972857	2972864	2972886	2972894	2972898	2972899	2972907
2972955	2972959	2973084	2973094	2973111	2973114	2973120
1705907	1705910	2054342	2054350	2054371	3339413
971935	971939	972018
914606	914611	914621	914630	914631	914634	914642	914650	914652	914657
1868735	1868739	1868749	1868763	1868775	1868791
1132576	1364691	2727873	2973254	2973255	2973256	2973257	2973263	2973264	2973265	2973266	3593260	3593261	3593263	3593264	3593265	3593267	3593268	3593269
703309	703310	703348
113568	1673931	1799539	1799545	1799594	1799611
15198	15208	15271
914591	914597	914599	914609	914611	914612	914618	914623	914625	914628	914632	914634	914635	914636	914640	914648	914650	914651
939752	1865529	1996505	1996612	1996633	1996647	1996662
2005624	2946292	2946300	2946303	2946310	2946311	2946312	2946314	2946316	2946324	2946325	2946326	2946327	2946333	2946354	2946355	2946356	2946357	2946359	2946392	2946394
3593276	3593277	3593278	3593281	3593283	3593287	3593288	3593292	3593293	3593294	3593296
2562711	2562722	2562763	2562768
2477675	3984673	3984674
1256335	1996528	1996662
1996468	1996588	1996636	1996671	2223535
971568	971897	971898	971939	971942	971980	972000	972009	972021	1964702
2973176	2973177	2973195	2973202	2973205
1364691	2973232	2973254	2973255	2973257	2973263	2973264	3593261	3593263	3593264	3593266	3593269
1705899	1705907	1705913	2054350	2054352	2054359	3339447	3339450	3339499
3112715	3112717	3112731	3112745	3381966	3381995
1705900	1705909	1705916	1705922	2054338	2054350	2054353	2054359	3339413	3339414	3339450
1868735	1868738	1868752	1868754	1868765	1868787	2837300	2837316
441667	1470004	1799480	1799482	1799611	2683791
2972841	2972850	2972852	2972863	2972867	2972870	2972871	2972882	2972886	2972890	2972891	2972892	2972896	2972898	2972900	2972903	2972905	2972911	2972912	2972914	2972917	2972920	2972921	2972925	2972926	2972930	2972936
2972860	2972892	2972907
2110943	2110944	3474633	3474640	3474641	3474642	3474644	3474645
3885616	3885641	3885664
971797	971864	971957
971833	971847	971882	971891	971905	971942	971980	972000	1964690	1964705	1964717
823800	914591	914592	914599	914603	914607	914609	914611	914617	914619	914624	914627	914642	914643	914650	914658	914661
2635286	2635287	2635291	2635375	2635381	2635388	2635389	2635391	2635398	2635501
15276	905410	2528644	2528656	2528657	2528660	2528672	2743561
2973162	2973176	2973178	2973179	2973180	2973182	2973183	2973185	2973186	2973187	2973189	2973190	2973191	2973192	2973193	2973194	2973195	2973196	2973199	2973201	2973202	2973203	2973204
15090	15096	15111	15112	15121	15134	15139	15141	15144	15147	15151	15159	15162	15172	15196	15198	15200	15208	15213	15220	15221	15259	15263	15265	15268	15270	15272	1093459	1093461	1093466
3474632	3474637	3474638
971509	971568	971781	971788	971797	971829	971846	971856	971857	971858	971859	971862	971869	971872	971877	971879	971892	971898	971900	971901	971904	971905	971906	971908	971923	971925	971927	971935	971936	971937	971941	971942	971944	971945	971947	971953	971955	971958	971960	971980	971982	971983	971987	971990	971995	971996	971999	972009	972012	972015	972018	972021	972022	972027	1964684	1964688	1964690	1964692	1964700	1964702	1964705	1964710	1964717
2635301	2635304	2635306	2635308	2635382	2635384	2635387	2635400	2635501
2528645	2528657	2528659	2528665	2528666	2528671
401154	1711507	1785529	3459896
2973253	3574421	3593276	3593277	3593284	3593292	3593294	3593296
2110940	2110941	2110945	2110947	3474640	3474645
2972900	2972921	2972929
173441	905392	905395	905405	905410	905421	2528643	2528649	2528650	2528652	2528657	2528664	2528665	2528667	2528669
914598	914601	1114655
1996484	1996488	1996516	1996527	1996542	1996549	1996551	1996560	1996568	1996591	1996596	1996603	1996671	1996710	2189877	2223540
1996534	1996544	1996553
2110940	2110944	2110945	3474633	3474634	3474637	3474639	3474640	3474641	3474643
2556352	2946300	2946303	2946311	2946312	2946316	2946324	2946326	2946327	2946329	2946333	2946354	2946355	2946392	2946394
2743500	2743529	2743532
3998824	3998826	3998827	3998828	3998829	3998830	3998832	3998834	3998835	3998837	3998838
15276	905395	905421	2528649	2528651	2528656	2528657	2528659	2528664	2528665	2528667	2528671	2528672	2743561	3060766
971864	971900	971942
3998824	3998826	3998830	3998832
1132576	2973232	2973257	2973260	2973261	2973262	2973264	3593260	3593264	3593267
12276	1468665	1468666	1468667	1468668	1468670	1468673	1690988	2052656	2052659	2052660	2235563	2386883	2386909	2386916	2386920	2386922	2386925	2386927	2386935	2663659	2663660	2663667	2663669	2663676
1256343	1797653	1996461	1996476	1996478	1996492	1996495	1996518	1996526	1996527	1996538	1996541	1996543	1996553	1996555	1996565	1996570	1996573	1996583	1996587	1996600	1996602	1996605	1996606	1996610	1996621	1996635	1996671	2189882	2223535
1799489	1799515	1799562	1816455
1996495	1996505	1996549
970984	1468665	1468666	1468667	1468668	1468670	1468671	1468673	1690988	1711686	2052659	2386883	2386916	2386920	2386922	2386925	2386927	2386935	2663660	2663667	2663676
1705900	1705911	1705922	2054343	2054368	3339459
3343401	3343402	3343405	3343454
2110940	2110942	2110943	2110944	2110947	2265879	3474633	3474634	3474635	3474637	3474638	3474640	3474641	3824212
2562699	2562700	2562740
2727873	2973262	3593260
2972858	2972908	2972918
1996529	1996565	1996591	1996644
173441	905392	905423	2528642	2528643	2528647	2528650	2528652	2528666	2528671
2635234	2635301	2635400
3112715	3112716	3112717	3112731
3574421	3593274	3593283	3593284	3593290	3593292	3593299	3593418
1868731	1868790	2837303
2417448	2743468	2743471	2743481	2743494	2743499	2743517	2743520	2743523	2743525	2743526	2743527	2743529	2743532	2743533	2743535	2743538	2743547
3885615	3885616	3885664	3885667
970661	2818035	2878093	2878121
15123	15125	15189	15198	15215	15253	15268	15272	1093461
818538	1799538	1799573
2005624	2556352	2946310	2946314	2946325	2946354	2946356	2946357	2946359	2946392
2743468	2743480	2743494	2743500	2743517	2743527	2743538
1705916	1705929	2054342	2054368
2556352	2946311	2946329	2946356
914646	1799515	1799599
3574421	3593274	3593284	3593290	3593291	3593292	3593293	3593296	3593299
441667	1799504	1816455
2946300	2946311	2946312	2946316	2946326	2946354	2946355	2946356	2946357	2946392	2946394
3343375	3343390	3343402	3343405
2562704	2562711	2562743	2562748	2562765	2562782
2972870	2972884	2972894	2972899	2972903	2972909	2972912	2972915	2972916	2972926	2972927	2972929
2417448	2743481	2743500	2743523	2743525	2743527	2743532	2743536	2743538	2743547
1256343	1797628	1996476	1996505	1996544	1996605	1996610	1996709
2101464	3343375	3343386	3343390	3343396	3343399	3343401	3343402	3343405	3343418	3343440	3343452	3343454	3343463
939752	1996474	1996625
401154	1785527	1785529	1785531	1785537	1785539	3313880	3459881	3459882	3459896
905423	2528651	2528652	2528659	2528664	3060766
1364691	2727873	2973253	2973254	2973255	2973256	2973261	2973263	2973264	2973265	2973266	3593259	3593261
823726	914595	914601	914646	1470004	1731653	1799478	1799481	1799482	1799484	1799489	1799490	1799491	1799497	1799502	1799503	1799539	1799562	1799601	1799604	1799611	2683791
3885615	3885616	3885619	3885621	3885622	3885624	3885627	3885630	3885638	3885641	3885652	3885656	3885664	3885667	3885668	3885670
970984	1468665	1468666	1468667	1468670	1468671	1690988	1711686	2052660	2235563	2386883	2386913	2386917	2386927	2386935	2663659	2663667	2663669	2663676
818538	1470004	1799479	1799513	1799537
1334183	1705899	1705902	1705911	1705913	1705922	2054331	2054338	2054339	2054341	2054343	2054344	2054352	2054353	2054355	2054357	2054371	3339409	3339414	3339421
1582280	2635394	2635413
1996516	1996529	1996544	2189877
2972940	2972941	2972943	2973095	2973121
971873	971897	971898
3343396	3343401	3343405	3343452	3343454
15139	15212	15253	15263	1093459
905421	2528649	2528651	2528656
2635282	2635291	2635305	2635333	2635380	2635385	2635387	2635397	2635451
2068643	2068645	2580188
1996515	1996587	1996633	2189858	2223535
15135	15142	15178
1132576	2727873	2973253	2973259	2973262	3593264	3593265	3593266	3593267	3593269
2973091	2973109	2973116
2218632	2635187	2635282	2635288	2635303	2635375	2635378	2635381	2635385	2635387	2635393	2635413	2635501
1868730	1868743	1868751	1868758	1868764	1868772	1868789	2837298	2837300
401154	3459882	3459896
971788	971835	971846	971852	971869	971872	971897	971904	971925	971936	971943	971945	971947	971953	972015	972022
3998824	3998826	3998827	3998828	3998829	3998830	3998834	3998837	3998838
1996601	1996618	1996709
1996549	1996576	2223540
1996475	1996591	1996633
2050414	2312463	2635282	2635286	2635288	2635292	2635308	2635379	2635380	2635388	2635399	2635501
2635247	2635285	2635289	2635305	2635382	2635393	2635399
914623	914641	914642
15096	15140	15200	15215	15225	15226
401154	1711507	1785527	1785529	1785531	1785537	1785539	3313880	3459881	3459882	3459896
2972840	2972857	2972882	2972936
1039850	2837687	3796450
1996474	1996528	1996553
403762	566899	792137
1774429	2743468	2743471	2743480	2743494	2743499	2743517	2743523	2743525	2743526	2743527	2743529	2743532	2743533	2743547
1797653	1865529	1996480	1996490	1996515	1996559	1996570	1996596	1996610	1996618	1996636	1996644	1996662	1996671
2972849	2972854	2972924
2743471	2743500	2743520	2743538	2743547
2110942	2110943	2110945	3474632	3474634	3474643
2101464	3343375	3343386	3343390	3343396	3343401	3343402	3343405	3343418	3343440	3343452	3343454	3343463
2312463	2312497	2635385
2110940	2110941	2110942	3474635	3474636	3474638	3474639
1774429	2417448	2743468	2743471	2743480	2743481	2743494	2743499	2743517	2743520	2743527	2743532	2743535	2743536	2743538	2743547
3998824	3998826	3998828	3998829	3998830	3998832	3998835	3998837	3998838
1705899	1705901	1705902	1705922	2054368	3339420	3339450
1996468	1996490	1996495	1996511	1996526	1996536	1996555	1996565	1996588	1996625	1996635	1996671
1868733	1868747	1868756	1868769	1868770	1868771	1868777	1868787	2837298	2837301	3112715	3112716	3112718	3112731	3112745	3381966	3381995
3885615	3885616	3885621	3885622	3885656
2972840	2972842	2972890	2972892	2972908	2972923
383149	1715364	3938200
3343390	3343401	3343418
2110943	3474636	3824212
2218632	2312460	2312463	2312497	2635287	2635290	2635376	2635387	2635389	2635397	2635413
2946324	2946325	2946333
1705914	2054339	3339420
971829	971859	971904	971955
1705899	1705902	1705929	1838860	2054338	2054351	2054372	3339409	3339420	3339421
2972833	2972849	2972852	2972857	2972867	2972883	2972888	2972894	2972897	2972901	2972902
1334183	1705900	1705901	1705902	1705907	1705909	1705910	1705914	1705915	1705916	1705929	1838860	2054331	2054338	2054339	2054343	2054344	2054350	2054351	2054357	2054359	2054371	2054372	3339420	3339425	3339447
1868750	1868765	1868775
971568	971781	971788	971797	971862	971873	971877	971882	971887	971892	971900	971901	971908	971923	971925	971930	971939	971941	971944	971945	971947	971953	971960	971980	971982	971983	971990	971995	971996	972000	972012	972015	972018	972021	972027	1964684	1964688	1964690	1964692	1964700	1964702	1964705	1964710	1964717
