86	721537
176	448
176	768
176	2025
176	6050
176	888474
199	2093
199	2292
199	5261
199	843940
199	1665964
448	6614
960	439833
960	589719
960	676240
960	913468
1023	78876
1393	3574328
1402	116238
1669	38825
1669	315575
1669	645187
1669	645191
1680	35401
1756	34769
1756	397529
1917	33638
1917	945211
2049	1145334
2092	12256
2093	2292
2093	4858
2093	12102
2159	2308
2292	3952300
2308	8833
2308	12262
2308	888474
2308	2770677
2571	2407205
2622	1891304
2731	41820
2731	1673714
2819	2221532
2819	2568176
2853	151763
2853	1305823
2930	76374
2930	76456
2930	282698
2930	723684
3165	3175
3165	78854
3272	15398
3295	3352
3295	34002
3295	34024
3295	34048
3295	34097
3295	34109
3295	34127
3326	215823
3326	419321
3326	568557
3326	672154
3352	1005320
3863	6614
4315	497426
4315	1280840
4325	651466
4343	34002
4343	330476
5953	737960
6053	9442
6062	817702
6062	867465
6146	203208
6146	357000
6146	399483
6147	22659
6147	34097
6147	34615
6147	50492
6147	50954
6147	149862
6147	208379
6147	276675
6147	306345
6147	337870
6147	347755
6147	373942
6147	530315
6147	567582
6147	798293
6147	1289244
6147	4011063
6305	507595
6417	52430
6417	57545
6417	60798
6417	75411
6417	100070
6417	100953
6417	102530
6417	113385
6417	118799
6417	580727
6457	52669
6457	54461
6457	55006
6457	69510
6457	134600
6520	58394
6614	1156414
6614	1891304
6614	2068531
6987	971056
7185	25897
7185	1939508
7587	53801
7587	54499
7587	55226
7587	70676
7587	95108
7587	135823
7587	746886
7587	746893
7648	52702
8428	359839
8428	742456
8428	742485
8592	14573
8730	3086599
8833	888474
9317	3337911
9654	274645
9800	9940
9800	202903
9800	212024
9800	326493
9800	341516
9800	345740
9800	366764
9800	585860
9800	1139183
9800	1325701
9800	1400847
9812	396198
9917	1504430
9917	1557852
9940	292256
10207	587577
10410	14807
10649	414956
10649	901767
11240	104586
11240	104608
11375	11929
11483	1687244
12656	1415117
13242	189737
13384	59110
13384	109819
13384	109836
13453	1130608
13558	280790
13558	299238
13558	305919
13558	850390
13558	1005413
14730	1415317
14730	1415341
14790	276529
15170	15180
15170	619375
15170	619438
15180	619351
15180	619375
15180	619438
15546	50196
15546	981800
15670	491851
15670	953760
15670	1992803
15837	2332175
15960	348865
15960	348884
15960	349024
15960	349039
15960	349077
16033	41127
16033	317413
16033	317960
16033	318922
16033	321743
16033	321847
16033	321887
16033	321894
16033	321946
16033	322791
16033	343598
16033	367820
16033	479887
16033	885564
16135	957417
16654	470646
16654	662216
16654	948656
17274	17705
17274	18577
17433	198103
17433	811824
17517	313832
17615	1316389
17615	1456155
17705	18784
17705	19135
17705	19136
17705	19146
17705	322582
17705	514755
17809	31391
17809	568557
17945	1207481
17945	2036769
18659	158875
18659	2512725
19135	19146
19135	25659
19135	30413
19135	276529
19135	425109
19135	1251973
19135	1308182
19136	1941753
19146	25659
19146	304014
19335	30867
19406	1768049
19814	313635
19814	313877
20381	1395938
20418	2165920
20468	285353
20468	1045750
20539	1103292
20800	41889
20800	274725
20800	322727
20800	734800
20800	938347
20800	1430353
20800	2181484
20858	31320
21106	1188718
21332	2050100
21652	323048
21652	1217723
21865	80331
22133	1610197
22659	1091480
22659	1550329
22676	82754
22676	280191
22676	314448
22676	731219
22837	370125
22837	1069837
22967	989172
23131	850390
23131	995350
23235	352074
23235	462781
23235	462795
23235	462807
23235	642289
23367	75790
23724	203020
23801	1559648
23985	1001538
24167	197771
24167	198445
24237	24898
24237	48467
24237	76342
24237	285582
24237	372589
24237	409512
24237	415621
24237	422443
24237	476488
24237	510582
24237	1592573
24331	34002
24331	45468
24331	3104087
24667	812256
24667	1081169
24701	1269063
25168	208112
25168	406325
25168	1347245
25659	479355
25659	514741
25675	1188718
25706	1023130
25840	804774
25897	416271
26614	935424
26798	27171
26798	571813
26902	26933
26902	508602
26902	531411
26902	630459
26916	741637
26916	1727224
27163	27171
27171	1376731
27311	1949970
27430	38825
27430	1549214
27921	28152
27948	1493563
27948	2123560
27948	3113292
28255	197637
28255	199132
28279	28520
28279	1504397
28279	1722497
28301	199135
28317	28520
28393	1060086
28863	330147
29053	2476461
29245	2143389
29292	909653
29292	909659
29742	29743
29742	955732
29742	2212438
30014	198584
30261	40410
30261	49909
30261	1187699
30261	1187706
30346	836759
30488	332433
30867	351867
31064	1066635
31253	306674
31253	695240
31391	506248
31391	1898503
31522	480964
31522	890519
31585	850344
32122	35764
32143	36153
32235	37181
32510	639035
32510	1066172
32520	676707
32520	1117068
32520	1314600
32533	379541
32550	2451401
32657	381373
33051	36716
33138	33466
33611	41383
33611	42058
33611	42155
33611	359192
33638	51334
33638	514126
33638	945211
33766	414504
34002	45139
34002	50351
34002	276659
34002	344373
34002	508602
34002	526915
34002	1173704
34002	3203968
34024	274826
34024	524085
34048	527869
34097	149853
34109	1303644
34277	41383
34277	42152
34277	42155
34277	1546424
34302	43195
34302	43515
34399	37933
34399	45264
34615	59225
34615	332218
35372	887983
35372	1714472
35497	48696
36171	36716
36682	77666
36682	509205
36682	715301
36716	1960894
37127	1197956
37127	2142860
37257	1023130
37933	38039
37933	39349
37933	41959
38039	40378
38039	42710
38118	316815
38118	436040
38272	513196
38304	282124
38304	650735
38825	218508
38825	277729
38825	410451
38825	410486
38825	410496
38825	731428
38825	739604
38825	1937718
38826	654836
39057	363175
39065	1202155
39249	76456
39249	79479
39249	213792
39249	268351
39249	289820
39249	293447
39249	438340
39249	552106
39249	576067
39249	732309
39340	63748
39340	90836
39349	42058
39349	42197
39349	43841
39502	40378
39625	41772
39625	42058
39625	1504397
39868	1237517
40312	41330
40442	44699
40442	52667
40442	52707
40442	53345
40442	56016
40442	56325
40442	58691
40442	63133
40442	63166
40442	63181
40442	63335
40442	66255
40442	98162
40442	114574
40442	179689
40442	765648
40554	40974
40554	47730
40554	48696
40554	363972
40678	44834
40678	310647
40678	1954149
40974	43195
41064	284342
41064	527027
41526	42058
41576	443983
41576	1091993
41728	42710
41786	1080360
41820	555469
42058	48696
42058	49954
42155	48257
42155	48696
42620	659970
42710	390348
42710	519924
42756	43904
42756	76344
43110	45468
43317	43331
43317	76456
43317	180802
43317	361051
43317	396347
43317	1162429
43331	43365
43331	202002
43331	586691
43331	594577
43331	912629
43331	1522791
43332	180802
43332	450342
43501	390348
43904	488995
43904	1161439
44699	64855
44699	119932
44699	158302
44699	187737
44702	434422
45468	77898
45468	288630
45468	315619
45468	421233
45468	660011
45468	665984
45468	683430
45468	694153
45468	870685
45468	901817
45468	1059774
45468	1405554
45468	2510047
45468	2566236
45468	3918527
46837	78462
46837	380623
46837	589704
47549	1040335
47912	216408
47917	605746
47923	888299
48069	49909
48069	49954
48467	282421
48467	313877
48467	854552
48467	964455
48467	1504397
48529	82754
48600	359595
49065	315309
49065	557566
49833	572282
49835	547875
49909	214959
50186	951319
50186	2003758
50196	511711
50302	1055087
50351	1233212
50351	1847607
50492	59225
50492	276675
50954	63748
50954	98863
50954	123019
50954	152624
50954	179689
51334	514126
51677	665984
52032	52669
52032	53345
52032	56016
52032	62187
52032	85503
52032	90820
52032	90836
52078	54499
52078	55661
52078	56016
52078	56872
52078	59313
52078	64855
52078	67324
52078	68366
52078	85503
52078	92569
52078	173153
52078	750644
52240	52430
52240	97760
52240	124211
52240	126589
52240	1356966
52401	52669
52401	54461
52401	58411
52401	80091
52401	82518
52430	81694
52472	52669
52472	69381
52472	79291
52472	79408
52472	81402
52472	82992
52472	83991
52472	96819
52535	52669
52535	83991
52572	67192
52572	144524
52667	53183
52667	53564
52667	54334
52667	61772
52667	63510
52667	68764
52667	72090
52667	80984
52667	89069
52667	92116
52667	97432
52667	110819
52667	111403
52667	112516
52667	143146
52667	187603
52669	52707
52669	53801
52669	54472
52669	58812
52669	59989
52669	61104
52669	64048
52669	65450
52669	69458
52669	71296
52669	72090
52669	72180
52669	73612
52669	79291
52669	80662
52669	80769
52669	81694
52669	82833
52669	83991
52669	84736
52669	90840
52669	98023
52669	98162
52669	99358
52669	99750
52669	112983
52669	117839
52669	119060
52669	127962
52669	134981
52669	144374
52669	159894
52669	166406
52669	175346
52669	175412
52669	188355
52669	243094
52669	247510
52669	753357
52669	754799
52669	826139
52669	826202
52669	826237
52669	826281
52702	53345
52702	54461
52702	58394
52702	64048
52702	64409
52702	75003
52702	83579
52702	98145
52702	98162
52702	99168
52702	105576
52702	112675
52702	126589
52702	157519
52702	166370
52702	168435
52702	189325
52702	263235
52702	3748629
52702	4023425
52707	111890
52719	96137
52719	108000
52719	115387
53148	61344
53345	53593
53345	53623
53345	62176
53539	144374
53564	59158
53593	82518
53593	116684
53593	126531
53647	74712
53801	61104
53801	90526
53801	98145
53801	177368
53871	66159
53907	99815
53907	142752
54000	54461
54000	57760
54000	63748
54000	96819
54000	99168
54000	131915
54000	745006
54000	1624719
54243	161197
54334	65576
54372	57760
54372	100216
54372	120046
54372	172128
54372	250722
54372	2299497
54461	55006
54461	56325
54461	83579
54461	88271
54461	98145
54461	126804
54461	247737
54461	768702
54472	81714
54472	243094
54499	59313
54499	68366
54499	112516
54499	173153
54626	144374
54692	104286
54971	64387
54971	90261
54982	58812
54982	72593
54982	88271
54982	96137
54982	124858
54982	135862
55006	73237
55226	57863
55226	63748
55226	102315
55226	751109
55226	4030033
55547	57325
55547	1124879
55572	160202
55661	64855
55740	108998
55740	109490
55740	147732
55864	111376
55864	135707
55864	151992
55890	58691
55890	98863
55890	102981
56016	59313
56016	62187
56084	59313
56084	122191
56241	133523
56243	58255
56243	64836
56243	88148
56325	56428
56325	58197
56325	63456
56325	95297
56325	125402
56325	152818
56325	155013
56455	56567
56530	92116
56567	97765
56655	97765
56872	63510
56872	80662
56872	98162
56872	166370
56887	59989
56887	129404
56887	137933
56887	168406
56927	84736
56927	120172
56927	139671
57325	102758
57325	107946
57325	182645
57389	95775
57457	137452
57544	57760
57544	68764
57544	80168
57544	94271
57544	100220
57544	752858
57545	64142
57545	90782
57545	112427
57545	164913
57545	263182
57545	777347
57760	58411
57760	184105
57760	757049
57863	103172
57863	104286
57863	137758
57863	152831
57863	158749
57939	96215
57986	59355
57986	59614
57986	111000
57986	133733
57986	142087
58075	119113
58197	62533
58197	172136
58197	172159
58237	74712
58255	96137
58255	103649
58255	109490
58255	110580
58255	128204
58255	173986
58269	178023
58394	83579
58394	96215
58394	133027
58394	165392
58411	183805
58433	120172
58433	127867
58462	70362
58691	255493
58691	1419831
58739	111260
58812	59989
59211	125596
59211	128204
59211	128675
59211	170329
59211	189315
59211	1493893
59225	284342
59225	886893
59313	110615
59313	1444320
59355	59614
59355	104865
59355	133733
59512	104865
59512	104868
59512	158302
59614	96030
59614	96215
59614	121086
59614	172777
59775	179923
59825	137554
59869	69126
59989	67590
60301	144579
60333	157519
60333	166370
60499	99168
60528	63456
60528	64301
60528	135707
60528	138010
60798	68764
60798	134981
60821	92383
61062	64301
61062	150488
61086	72894
61104	64048
61104	69381
61298	98999
61333	90840
61333	126531
61344	152305
61344	2917633
61493	72090
61493	114434
61499	97771
61519	109490
61687	162788
61772	106063
61772	213695
62176	98162
62176	166146
62176	2160530
62187	180796
62267	146028
62286	121546
63133	233319
63166	1353434
63456	64301
63456	111376
63525	96137
63542	72682
63542	109490
63562	66989
63562	72593
63562	73216
63562	94080
63562	125783
63562	162171
63748	66918
64043	69403
64043	99815
64048	80769
64048	150488
64301	80168
64387	67375
64409	65416
64409	118968
64792	173153
64792	186253
64836	86482
64836	154983
64855	65416
64855	85503
64855	85658
64855	172393
64971	135954
64971	171241
65023	95476
65576	83579
65576	95275
65576	105774
65576	130068
65787	763527
66023	124355
66023	160194
66023	240461
66159	75003
66159	182603
66159	185465
67192	165085
67375	186253
67590	104286
67590	126303
67590	127781
68366	88148
68366	227933
68764	69458
68764	86482
68764	134981
68764	755439
69067	87365
69067	111669
69067	155271
69101	159200
69101	171770
69126	91590
69126	102520
69213	95939
69213	106718
69213	109923
69381	69458
69381	81150
69381	157519
69381	175412
69386	73612
69386	80769
69386	135823
69403	73612
69403	79291
69403	80769
69403	92753
69458	81150
69458	81174
69458	99815
69458	122690
69510	75411
69510	82537
69510	95838
69510	150440
69510	191358
69510	254040
69510	265988
70212	112590
70212	753701
70305	90610
70305	136822
70632	113255
70676	70734
70734	70896
70734	80769
70734	109490
70734	122811
70844	75116
70844	108833
70844	131915
70896	72090
70896	162906
70896	264846
71115	174857
71224	80290
71224	116684
71373	102530
71373	132055
71373	154983
71373	159610
71373	172128
71382	132299
71840	120172
71840	127867
71840	128249
71840	248505
72008	124355
72090	131229
72090	152452
72180	73612
72267	98162
72391	81694
72391	145197
72391	146028
72398	110121
72398	171241
72398	183327
72398	220341
72593	99427
72593	125640
72593	156848
72593	169817
72593	264765
72682	72691
72682	131720
72682	163079
73376	235691
73453	97847
73453	1999635
73465	106995
73465	109409
73511	89554
73511	108922
73511	149498
73784	112547
74104	118149
74104	164913
74104	168406
74222	92231
74222	761153
74315	98999
74353	145246
74353	224013
74460	80168
74460	149148
74712	80168
74712	149498
74904	239127
75040	173047
75199	80168
75199	122847
75199	175766
75248	128675
75472	153450
75902	81053
75902	81130
76176	372584
76199	76201
76199	1876001
76201	76204
76201	1240027
76342	2175006
76374	1484919
76456	423181
76456	425989
76456	1172505
76456	1259739
77066	213792
77373	599934
77439	1193872
77666	509205
77898	176769
77898	783516
77898	1032197
78092	2811891
78138	149853
78304	455896
78304	1305771
78410	496457
78410	881888
78462	445031
78462	474505
78462	817245
78462	921859
78462	921868
78797	363436
78854	1392139
78876	417674
78931	78985
78931	135954
78931	179480
79153	86928
79153	123104
79228	98999
79291	127005
79355	186253
79479	214959
79547	313961
79547	498391
79547	513154
79547	726597
79547	781812
79880	93724
79880	510582
80124	159894
80168	98116
80168	179231
80290	116684
80535	132056
80769	98162
80769	165270
80984	81694
81150	81174
81174	102520
81214	115875
81214	609881
81214	697994
81694	516826
82249	150481
82307	89392
82437	90245
82518	116684
82627	83259
82627	267027
82627	481259
82640	1792133
82754	101351
82754	173438
82754	208379
82754	280061
82754	280191
82754	481664
82833	105751
82833	129539
82919	82927
82919	104852
82927	221197
83259	98398
83259	318885
83366	274478
83497	138378
83579	127005
83579	129730
83706	297148
83706	412880
83706	413350
83706	506248
83706	514810
84500	197230
84500	405073
84500	2957033
84652	297901
84736	98999
84736	117839
84739	185465
84761	90245
84863	208112
84863	412787
84917	188147
85436	106032
85849	128616
85849	156196
85850	125946
85850	255329
85917	89737
85917	208112
85917	876909
85917	931123
85917	1293845
85917	1852705
85917	1870002
86482	106329
86640	383056
86640	524303
86739	1033926
86752	935424
86928	518026
87365	111669
87366	106879
87912	374499
87912	1587341
88731	276529
88731	276559
88731	667953
88731	784883
89027	1067310
89052	877214
89069	1419761
89386	89387
89554	108922
90035	527981
90035	547467
90035	593801
90035	615436
90035	780766
90035	817789
90035	1460956
90147	153582
90245	183750
90409	92527
90610	94137
90713	191358
90822	121392
90836	145246
90836	160585
90840	100406
91368	105060
91368	754961
91370	185119
91412	224013
91595	122191
91723	132251
91723	132272
92116	97765
92116	144287
92116	150023
93724	431035
94080	112427
94270	94271
94270	163848
94270	219012
94270	225525
94270	242508
94295	145197
94295	152818
94351	109923
94450	140638
94607	340649
94663	98863
94761	767830
95108	169467
95108	252793
95297	106718
95297	125402
95504	110819
96030	111000
96137	121750
96137	257087
96197	123557
96197	145344
96215	168575
96215	172704
96215	195356
96228	168397
96680	110124
96819	99815
97456	150023
97753	184584
97760	1629442
97771	142980
97794	125807
97847	108875
97847	115511
98023	832080
98162	137065
98162	166146
98863	129730
98863	147970
98894	119113
98999	167471
98999	174874
98999	177850
98999	177929
99358	121855
99358	172379
99750	102653
99815	125269
100197	231304
100216	250722
100363	149275
100824	104714
100953	176453
101434	102530
101607	555989
101607	610438
102345	102352
102345	156196
102605	120046
102947	141095
103172	104286
103172	134228
103475	110580
103719	166406
104286	164258
104586	104608
104738	160827
104800	184063
104852	190608
104865	104868
104865	179480
104865	193455
105123	105135
105135	130276
105439	382148
105503	134459
105576	156945
105698	108875
105698	115511
105698	825963
105751	153106
105774	187862
106063	226834
106267	219165
106329	121656
106344	147957
106344	183464
106636	149148
106636	151290
106718	157702
106879	117859
106995	120581
107528	215000
107528	290507
107528	294093
107528	781955
107528	1399660
107568	3919146
107629	211275
107629	341788
107629	408714
107629	903030
108000	115387
108063	245362
108271	126961
108271	142568
108922	772379
109490	143146
109732	134916
109770	232347
109836	256991
109923	143029
110727	121244
110727	137704
110776	516565
110951	111091
111000	133733
111260	111267
111260	189441
111471	144524
111890	117099
111890	129017
112389	165877
112516	121550
112590	183805
112675	138227
112675	165460
112940	121375
113032	121086
113032	139626
113292	131497
113555	127005
113555	142684
113555	188385
114434	124355
114434	186078
114472	226115
114574	1999635
115400	115422
115400	194433
115400	194437
115592	138404
115924	207223
115924	587398
116218	756480
116238	605396
116238	893258
116238	949283
117055	117099
117055	117102
117099	129017
117199	194868
117839	219714
117859	150178
117859	3252315
117916	177368
118441	137065
118876	765060
119113	128464
119212	119218
119511	154983
119915	121481
120073	149498
121266	143194
121281	245151
121361	168702
121392	252551
121546	185896
121855	125533
121855	183805
123715	123733
123715	176769
123715	208631
123715	267768
123715	270404
123715	270407
123733	280428
123733	645706
124026	129017
124026	129257
124350	164460
124355	240461
124734	136165
124805	156170
124805	250915
125402	155013
125533	758819
126390	228801
126589	149275
126687	755246
127207	164700
127681	146620
127781	232570
127867	193520
127993	4021481
128249	157076
128675	168575
129017	129257
129017	165392
129017	168662
129017	171091
129017	182743
129017	234754
129017	759186
129257	168662
129539	764921
130270	138931
130434	344181
132055	165877
132364	133506
132364	237177
132487	137334
132693	759091
132768	182653
132768	195945
133506	237177
134170	153106
134228	163848
134459	134735
134687	163868
135070	135085
135823	158749
135862	137612
136891	136900
137065	174967
137452	258570
137592	137612
137704	154983
138010	166771
138579	1494872
139216	227895
140600	143092
140600	262745
142863	172777
144374	157519
145344	3007680
146028	171091
147171	413089
147171	877458
149337	350954
149337	418971
149853	272427
149862	433989
149862	1488017
149919	1818984
152257	430200
152305	2917633
152818	232564
153155	755439
154285	350954
156196	1126935
157231	395630
158192	183854
158380	1125307
158765	168127
159546	228801
162906	264846
164178	165271
164897	191669
165392	185340
165984	380794
165984	1988864
167333	586012
167471	174874
168397	174401
169817	1444353
169982	236728
171241	237177
171358	189325
171358	231936
171358	257861
171947	171950
172136	186253
173438	269181
173438	287447
173611	174830
173701	186211
175071	2238528
175766	832163
176649	183988
176769	276740
176769	285402
176769	292813
176769	1272436
178309	428152
178634	2939633
179315	1696097
179480	223880
180802	380623
180802	383429
180802	396187
180802	450342
180802	546210
180802	586051
180802	663723
180802	695090
180802	788560
180802	1463795
180802	1694727
181675	182106
182383	615715
182653	195945
185896	241041
187603	709853
187882	776078
188385	232570
191407	1596545
192265	3839718
196267	737016
197276	199132
197517	747265
197517	2204726
197637	197648
197637	510241
197648	662216
197762	678003
198062	198065
198103	1341030
198435	306345
198435	485590
198435	527981
198435	805400
198435	1220948
198435	1222396
198445	203020
198867	295532
198957	1998499
199030	1976711
199103	621302
199218	340913
199253	911077
199503	284698
199804	397562
200503	393058
200503	538970
200503	1062179
200503	1722015
200503	1722033
200503	3011301
201028	201133
201133	2201735
201164	419109
201164	500517
201164	2476461
201556	634871
201556	634939
201621	444459
202330	463648
202543	217067
202543	1538710
202605	202608
202608	204029
202692	2115010
202786	2569456
202903	430676
202903	463648
202903	463669
202973	994108
203067	2429796
203067	2758993
203067	2758995
203208	364135
203652	677816
203652	878546
203774	1262802
204029	343580
204118	3290037
204275	2659562
204562	442443
204562	475709
205137	2097773
205231	442396
205231	507803
205231	731428
205231	1045047
205231	1832671
205592	702527
205611	379598
205611	474661
205765	472179
206410	299534
206523	627906
206649	302945
206803	1487871
207034	718320
207034	1504762
207034	1949970
207223	217905
207223	587398
207223	844887
207223	1120453
207288	1284500
207648	646514
207648	690175
207653	1030494
208112	1900602
208339	291316
208830	1365583
208914	3026167
208931	276651
208931	755611
208971	273755
208971	1511431
209914	211325
209914	211715
210435	1485341
210435	2734296
210441	1825239
210826	2438446
210881	435839
210968	213792
210968	290094
210968	907018
210968	1872421
210984	290094
210984	421301
210984	1006470
210984	1872497
211015	213807
211015	290749
211275	291316
211275	293226
211275	418390
211325	211715
211470	340928
212181	1249118
212375	358070
212408	406180
212408	413462
212408	472344
212408	608510
212408	608814
212408	612809
212408	2251465
212492	2209356
212521	392830
212633	338689
212950	2074159
212967	1686353
213051	429546
213138	471090
213548	2307275
213695	657524
213695	725984
213761	779723
213761	1236660
213792	1208933
214210	788018
214210	788071
214215	214959
214215	666578
214215	1350992
214225	602322
214243	214582
214582	214901
214627	527027
214627	625508
214748	709853
214754	2189507
214959	347755
214959	429187
214959	447171
214959	607558
215000	289497
215000	289613
215000	291316
215000	293455
215000	1106788
215203	268351
215203	1714209
215518	1239886
215698	537172
215698	1061473
215759	726398
215823	496588
216296	689005
216836	216840
216931	296069
216964	554261
216964	593156
216981	431192
217038	411861
217038	423965
217207	274645
217207	386511
217207	459124
217207	491896
217207	651466
217250	870685
217250	949769
217250	1482019
217271	347045
217280	294985
217280	471145
217561	627278
217790	1428923
217905	380623
217905	439884
217905	586042
217905	844887
218508	282421
219165	831623
219282	419588
219282	610071
219282	665129
219282	1829429
219680	446049
219680	2726404
221358	404367
222394	242557
224068	1928251
224125	233002
226798	241088
229109	827646
229500	2062318
230889	642827
231936	662492
231936	775338
232564	4025690
237941	638821
237941	772236
240772	921255
241088	1421441
243665	1699430
244907	1667080
247394	254146
247394	311641
247394	1864578
247419	364799
247504	452139
247504	1789999
248888	669163
249127	665122
249127	1315517
249268	361553
252531	280232
253475	736123
253475	1189666
253752	946203
254040	262880
254146	1864578
254621	700938
258987	286388
261151	733010
261151	980206
261703	939955
261865	646243
265054	265915
265054	396674
265054	396775
265455	2216987
265568	896126
265901	265915
266934	2107557
267456	2507861
267456	3050428
267731	267768
267731	1805215
267994	1073614
268286	268291
268291	524347
268351	316815
268351	706055
268351	1993995
268445	293226
268506	745223
268601	500766
268625	1413228
268689	2206658
269113	339190
269113	2124720
269228	1395883
269228	1780291
269891	2043506
270247	672147
270247	1511028
270404	743419
270404	1464267
270407	995894
270606	427067
270610	1870096
271022	705032
271086	664642
271086	1072543
271164	1186534
271164	1186544
271410	483473
271410	990725
271790	295548
271897	724016
271897	2039541
272024	285402
272756	646065
272756	692105
272756	2173361
273127	489954
273127	945806
273153	287576
273153	429682
273153	627600
273153	1482930
273180	621666
273180	1176717
273755	690495
274056	478712
274056	1290251
274056	1291769
274478	786536
274502	3624760
274645	281039
274645	442443
274645	877356
274698	332739
274826	274876
274826	332218
274826	520363
275133	415553
275133	637784
275133	982272
275144	1257031
275513	412058
275550	2278074
275837	510553
276273	718107
276315	297223
276315	317477
276529	304352
276529	310928
276529	513845
276529	513861
276651	276659
276740	340649
277144	434422
277765	318922
277888	287992
277888	399483
277888	412208
278107	298310
278616	337374
278712	732309
278763	525673
279119	279141
279440	1085120
279534	986234
279756	555258
280318	1487178
280524	583586
280573	650229
280573	985951
280697	423746
280739	366895
280739	1923120
280790	785435
280805	983279
280805	1346404
280947	297502
281039	492495
281220	298282
281434	988844
281504	459510
281823	1320964
282123	282124
282123	1346339
282124	650735
282124	666916
282421	288137
282421	388107
282421	523574
282698	1021166
283321	410303
283641	681889
283738	297182
283738	1262581
284181	483113
284342	494273
284515	434880
284647	736760
284892	1373460
285353	956777
285582	1973706
285648	410496
285648	3057631
285803	1032582
286193	1856044
286321	1468484
286388	380623
286466	2246702
286568	2412574
287064	2238477
287109	1200599
287150	1427092
287212	300589
287576	287578
287576	289549
287576	429682
287576	1482231
287578	429682
287578	1482019
287903	904119
287961	1924355
287992	494273
287992	643606
288126	3336473
288334	288362
288334	288714
288362	500730
288362	795512
288362	796435
288362	869135
288450	475908
288633	1229475
288695	575831
288695	575865
289379	289497
289433	293455
289871	726298
289917	657794
290062	729246
290062	1214584
290062	1399636
290507	336813
290507	585771
290507	587446
290507	905895
290749	598745
290749	1411925
290779	290827
291225	293447
291225	343881
291282	1816018
291316	584927
291316	1000737
291797	788018
291828	409936
291828	918298
292120	522837
292120	705962
292256	542316
292256	585665
293226	418390
293226	521805
293253	1761309
293447	343881
293447	353178
293447	416677
293447	1468102
294076	339701
294076	416643
294093	621666
294093	1399660
294596	423746
294596	986373
294596	1571101
294985	423746
294985	2307716
295087	317928
295199	295351
295663	2871233
296015	296270
296069	297078
296069	297113
296270	302809
296526	1520848
296567	765881
296638	1123398
296638	1245599
296871	1504397
297078	1795507
297148	339751
297148	491452
297148	506248
297148	638068
297148	1238836
297543	1369810
297613	510241
297801	501783
297801	1225306
297844	339751
298763	840266
298763	1384074
299238	1122670
299269	1990024
299406	808114
299468	299489
299468	1026977
299669	1942607
299752	2008045
299801	1288958
299993	1534740
300078	345955
300078	801915
300078	2128133
300261	302113
300261	678672
300261	854624
300283	682175
300283	682240
300335	680169
300335	801214
300335	801520
300335	806378
300354	372733
300354	2290609
300923	301938
300923	1036334
300923	1291936
301056	2629072
301056	2629080
301115	468905
301367	1953008
301598	1468642
301623	1516328
302113	2812088
302115	302219
302115	835476
303203	1102255
303282	303369
303369	2018275
303629	330020
303629	330147
303629	331163
303707	996913
303973	456122
304224	308243
304304	953552
304352	304368
304368	707499
304368	1058502
304468	979980
304479	331527
304479	1298321
304657	1201393
304677	1201393
304677	2687712
304756	1279611
304948	304963
305359	1699430
306482	378760
306621	620814
307036	307039
307435	2693260
307811	503793
308117	433186
308117	530484
308475	394536
308993	938104
309185	416918
309297	367136
309323	938079
309658	356594
309658	1523861
310076	987076
310079	1159249
310290	2356436
310928	614510
311292	319747
311408	1998663
311816	489349
311816	945806
312299	1409104
312408	2239028
312881	312885
312964	431035
312964	431233
312964	1702882
313017	1185781
313069	765881
313099	2136288
313310	313346
313310	474201
313475	718099
313605	2859157
313635	313877
313635	1293076
313635	1293079
313678	2564545
313784	701367
313831	313832
313832	313847
314122	861021
314233	595719
314448	340913
314448	411753
314555	1647536
314991	2386860
315208	1845865
315309	905350
315487	1413963
315575	465826
315575	614036
315575	843726
315575	843936
315575	879176
315575	3159696
315619	1277725
315894	315931
316043	1108175
316043	1300555
316043	1367431
316092	1225571
316815	523813
317065	587180
317290	520682
317290	1405554
317413	318824
317484	855787
317484	855859
317484	856362
317502	1140715
318219	409609
318600	378869
318600	392663
318600	973145
318600	973151
318824	1418686
319441	1533013
319479	2348688
320944	391878
320944	474641
320974	2237950
321003	992663
321497	322709
321535	1087916
322149	454006
322508	438064
322581	508420
322582	1168848
322694	547515
322727	543896
323399	1181547
323474	371587
324868	324872
325007	811831
325007	1660255
325326	325520
325665	3439756
326071	1178205
326349	479887
326493	487534
326493	692612
326493	692628
326599	333152
327103	329891
327330	558768
327330	901817
327929	329891
328154	2269321
328176	1373916
328305	494493
328528	2298330
328779	1059923
328779	1548704
329257	3541171
329528	329560
330111	1235220
330465	376526
330465	387206
330465	688567
330465	1021723
330476	659887
330638	2031616
331527	369920
331527	2046914
331731	332739
331731	1025760
331731	1200110
332190	693045
332218	352532
332218	401733
332218	1178393
332218	2954592
332383	787623
332414	810322
332414	1063409
332433	877892
332739	1025760
332793	504843
332793	1291769
332793	1610409
332793	1907864
333152	1308978
333346	997592
333656	334248
333656	421521
333928	1148327
334009	807352
334227	1291553
334248	421521
334248	2000024
334677	334685
334912	431203
335121	1550493
335890	338579
336616	431814
336616	520363
336616	702202
336813	1164233
337374	431173
337411	2964977
337487	551154
337538	337543
337538	337573
337543	337573
337701	524366
337855	337870
337995	2121625
338253	343580
338689	340578
338689	352596
339162	663497
339310	790407
339717	1988952
339751	491452
339920	596702
340913	411753
340913	565832
341261	341262
341261	1200615
341262	1556698
341516	383331
341516	584043
341516	584749
341516	587492
341516	587564
341516	4032863
341697	587121
341788	435953
343117	343134
343117	2759867
343127	343134
343642	415172
343734	678672
343777	411753
343881	353178
344181	1055087
344399	345047
344635	939058
344973	431233
344973	1620521
344973	1647234
344973	2568118
345740	404682
345955	2565688
346138	419649
346138	892286
347285	1559480
347339	785150
347755	497798
347755	722717
347755	850390
347755	938104
348388	1291553
348388	1965455
348458	1290251
348495	1051253
348884	2195012
349039	369751
349077	3303300
349077	3303305
349328	863412
349328	1310130
349353	1304663
349530	2243546
349768	879176
349768	2225365
349768	2581881
349821	351422
349821	779897
349821	779934
350045	1602427
350219	534656
350788	1364228
350954	433626
350954	593795
351422	779897
352074	510241
352074	742456
352074	1179764
352074	1291899
352074	2419605
352491	1449390
352532	2619888
352755	456474
353114	613512
353114	2220178
353178	1346084
353178	1673620
353841	371754
353841	684350
353841	1131200
354442	709853
354442	709971
354960	355008
354969	2434932
355166	357321
355166	3306985
355940	2613679
356344	365456
356344	649886
356594	1523861
357776	549361
359595	942867
359839	625859
359839	1401787
359839	1483106
360521	507809
360521	1834421
361051	886704
361083	572732
361083	727203
361083	895886
361083	1033926
361083	1072178
361137	526457
362048	1504397
362275	1225571
362533	534311
362840	475309
362841	437812
362841	726094
362879	1134397
362986	362991
363961	1361807
364135	460128
364135	1701118
364135	2098518
364620	518900
365407	366214
365455	1365285
365465	2109754
365465	2109779
365669	2048128
366101	535172
366547	366549
366549	366563
366617	501127
366764	2053957
367136	1873370
367178	1178611
367483	528759
367483	1191823
368722	462110
369497	1376100
369798	1347790
369902	1514707
369920	1083346
370055	2752425
370125	723386
370443	960125
371271	1830911
371587	453964
371587	1659879
371770	900964
371792	443242
371792	763263
371964	1411145
371964	2460037
372061	970017
372255	811070
372283	1281932
372438	2115010
372584	1035986
372729	372733
372729	567582
372731	372733
372731	1971277
373071	1786346
373143	1451846
373187	2272012
373211	479442
373942	1979448
375098	416260
375341	539249
375435	497314
375861	478144
376196	376215
376328	3407299
376526	460505
376774	1384871
377264	955882
377355	1564818
377757	378344
377882	596030
377882	1603672
378344	456472
378344	790284
378344	790318
378344	790332
378484	1200599
378691	474050
378760	454079
378801	1026977
379222	619553
379319	474661
379319	618185
379319	618229
379541	1504397
379598	474661
379897	435173
379897	472574
380150	380258
380150	391365
380150	548647
380150	587872
380623	383429
380623	598048
380623	788560
380794	418971
380933	394653
380933	595125
380933	762641
381216	483941
381403	391173
381403	442947
381403	589583
382148	482750
383304	406662
383304	413089
383338	417732
383338	654353
383429	450342
384887	801222
384887	2332609
385206	1259872
385206	1289308
385206	1901588
385242	411483
385627	968541
385994	1105093
386242	2081839
388249	492314
388648	651519
388648	738470
388648	1953244
389019	669930
389019	822140
389019	1232522
389525	1846784
390348	654348
390860	390862
391119	813867
391119	1668954
391285	1401471
391365	1255991
391861	426757
391861	2312245
392184	392215
392663	656842
392835	842536
392835	1748441
393058	472574
393146	606976
393146	710461
393146	848684
393184	972345
393373	712640
393454	948289
393563	846846
393923	627324
394088	726179
394175	662492
394175	787449
394321	586375
395055	395137
395055	395154
395543	1616041
396092	1258625
396187	586691
396187	788496
396347	1671999
396347	1672000
397529	931481
398595	554869
398595	2212497
399483	520639
399483	520653
399483	1411925
400158	1134192
400312	624931
400410	441076
400988	1047928
401200	842069
401223	1833403
401504	401508
401504	2559940
401733	1160732
402071	3553360
402266	1089628
402365	402377
402681	975304
403323	411732
403323	1375751
403323	2460478
404682	412625
404682	1880992
404755	1219773
404789	1828989
404832	686737
405073	1405764
405161	1095329
405206	435597
405274	662956
405274	1193747
405274	1595330
405280	2027070
405356	405366
405356	405383
405366	405383
405700	523117
406084	900563
406325	551174
406325	739051
406610	1016410
406623	406669
406662	413089
406662	584524
406662	596030
406662	788674
406993	426354
407144	408628
407144	410891
407144	422583
407681	407993
407965	666836
408151	1402739
408369	518925
408787	433989
408940	475582
409207	562070
409512	470936
409936	411269
409936	607881
409936	742777
409936	1039136
410251	527355
410486	1634596
410496	1605676
410891	422583
411002	416628
411181	542046
411302	986046
411302	1467722
411399	2492256
411738	1546956
411747	411753
411785	2046759
411925	892302
412058	651640
412058	1033254
412208	2090599
412256	450605
412346	444198
412462	430188
412462	430189
412581	819243
412625	490144
412625	817245
412718	1780539
412848	435845
413089	432279
413089	463648
413089	596030
413089	710150
413089	879517
413246	551174
413900	737981
413900	1901565
413980	2924198
413980	3048739
414252	1164288
414952	414956
414956	520363
415277	429792
415556	710177
415934	1007004
416260	507802
416565	416594
416628	565559
416628	585228
416628	587872
416628	589491
416628	598515
416643	586691
416643	1581299
416677	589837
416677	1399689
416847	1547267
416860	416881
416860	2123042
416860	2808662
416881	2123042
416918	811885
417732	1682958
418651	1734200
419419	1786433
419588	419649
419649	1198307
420194	554579
420194	737888
420240	650825
420335	514741
420909	1746832
421552	1110012
421997	731707
422443	486911
422443	496943
422443	509205
423398	1070213
423398	1070214
423746	823456
423746	986373
423922	530484
424436	2033346
424436	2381825
424436	2614845
424933	1391707
424998	949283
425109	1308250
425434	563831
425829	2290253
425829	2290255
426605	970152
428088	500517
428414	740495
428842	594736
429546	605496
429572	658108
429682	481862
429682	1032148
430188	430189
430189	2936682
430200	520363
430602	525673
430676	463669
430676	527981
430751	665565
430940	2597796
431173	460652
431192	1256841
431203	1430393
431233	957417
431411	1661244
431411	2447309
431890	465259
432225	435839
432225	616926
432225	2113958
432279	475709
432427	1152074
432551	1504355
432551	1813931
432747	482634
433626	1391740
433989	1488017
434221	1638205
434310	3878223
434357	435789
434756	925780
434969	434985
435019	604388
435019	1779178
435769	844148
435789	595095
435953	704933
437404	1634011
437587	987958
438039	688567
438064	2114256
438851	611949
439098	701367
439632	2545235
439819	441625
440351	1530515
441076	441079
441499	585665
441691	672711
442335	442947
442335	584043
442443	2470646
442787	913229
443087	951319
443091	1408731
443242	527981
443606	1053274
444198	988815
444459	977042
444564	444566
445031	474996
445225	445638
445225	485560
445463	1329426
445819	1176555
446783	630459
447171	545489
447200	730828
448231	894173
448302	1031738
448499	3159055
448631	1385758
448881	1169574
449489	1615337
449489	2273436
449717	750343
449794	2572851
450713	1167731
451289	863281
451728	451738
452620	1451942
452620	1657860
452699	532391
453089	1141968
454269	2536069
454705	1850858
455056	2472732
455232	455233
455428	996506
455475	913422
455572	456181
455597	2600133
455723	1429726
456122	1001915
456474	676105
456671	2104248
457647	789522
457780	1552454
457960	1155881
458371	727308
458371	1619754
458385	1456756
458674	542712
458696	610030
458696	959627
458696	1530515
458713	1563584
458833	3549485
459420	549920
459510	657794
459510	1032891
459510	1207176
460002	989172
460002	3082549
460002	3473528
460615	1401787
460730	601453
461001	2012681
461185	565132
461185	2396831
461204	1091605
461347	1780902
461667	461671
461667	938189
462544	988844
462653	595095
462795	1497097
462861	537579
463648	1678012
464050	837421
464050	2020194
464148	2062621
464907	464999
464907	465030
464907	1083283
464907	1083291
464907	2543386
464999	465030
464999	1028271
464999	1083283
464999	1083291
464999	2543372
464999	2543380
464999	2543386
464999	2543402
465029	465030
465029	1083283
465029	1083291
465030	1083283
465030	1083291
465030	2543372
465030	2543386
465377	709691
465459	984310
466119	497624
466416	3548322
466620	1001480
466620	2845566
466837	466840
466840	2640622
467739	513526
467739	1710443
467739	1710446
468227	468273
468227	468491
468273	468491
468644	780766
468856	508335
468856	1241340
468856	1678423
469070	2128742
469805	1569672
470040	470175
470101	470110
470101	1941715
470110	1941715
470197	2127421
470664	481208
470664	537198
470664	593756
470936	1578280
471504	788674
472141	1065987
472263	1022443
472306	1643194
472306	1668155
472344	472383
472344	1344727
472344	2163829
472774	478779
472774	1985046
472774	1985156
472795	473020
472887	584198
472887	1899221
472887	1899296
474050	474629
474050	620016
474278	1263950
475309	878255
475449	2199710
475715	475756
475715	691904
475885	2695804
475885	2999630
475908	1203120
477221	477250
477221	694439
477362	1118484
477362	1605797
478446	2202588
478540	1131004
478712	1291769
478712	1610409
479061	922201
479355	890199
479355	1186089
480635	783115
480635	1034694
480785	1404053
480785	1873900
480991	710940
481064	3021485
481821	885278
481821	963611
481821	963630
481862	482060
482160	1558961
482634	1389366
483304	484003
483473	691745
483941	642798
485052	521364
485052	1249117
485666	995694
487196	487698
487231	487232
487231	488297
487262	487495
487262	487498
487495	2719984
487698	2213595
487922	557991
488003	902300
488894	1507515
488995	2791456
489210	1932786
490353	588797
490686	1616118
491452	945211
491452	1238836
491851	1264683
491896	1889036
492171	1993125
492303	850390
492315	989834
492315	1284853
492487	654344
492495	1004112
492628	1913098
493022	582603
493022	965712
493063	511646
493196	960418
494493	3499509
494548	1736484
494551	577461
495274	821504
495458	957118
495856	1438981
496519	953543
496519	1206357
496519	1915616
496543	701355
496543	2228002
496974	1676517
497286	1188899
497426	743714
497499	1891457
497509	2220786
497575	498062
497624	640473
497727	497735
497727	497736
497735	497736
498180	1116615
498391	498419
499211	2383731
499305	503021
499305	2362306
499885	1590159
500517	797758
500517	1520343
500712	795097
500826	1527917
500839	780644
500839	1307105
500839	1307152
500882	1239432
501127	2402862
501783	583679
501897	656146
501897	667462
501897	1554668
502088	1520579
502937	867110
503021	856543
503773	840012
503773	2946527
503793	3193147
504083	551605
504083	1067050
504375	524194
504375	1336967
504633	507201
505358	965147
505358	1803280
505508	878255
505750	537408
505750	1380251
505828	897941
506248	678672
506248	854624
506473	1843068
506658	1250963
507803	583675
507809	1276077
508251	838901
508335	1241222
508335	1241340
508446	1742210
508505	508508
508602	989693
508998	1683875
509569	867698
509569	1573200
510518	1080804
510582	992378
511522	1681152
511743	1916334
513172	677177
513172	1050223
513196	913468
513274	1849939
513274	1849962
513526	513535
513526	539912
513861	1780022
514465	1101374
514755	566732
514755	1077276
514755	1081255
514755	1274345
516965	749166
518791	518801
518801	1236425
518801	1236660
518900	682240
519924	1089878
520119	860864
520627	1721931
520639	1247151
521805	598771
523574	1519161
523917	734361
523969	1287856
524567	1551679
524678	3621205
525106	847874
525157	2292319
525223	1888689
525673	901767
526062	3441507
526075	647216
527844	778995
528047	1514707
528047	3065236
528252	662848
528252	888732
528254	1423499
528428	755611
530434	1529159
530653	1225914
532108	834973
532897	650735
532897	903337
533228	627273
533228	1741537
533573	2444726
534192	1162429
534485	603924
534656	571221
534656	1341197
534656	2095368
534679	2636575
535446	643460
535446	701047
535446	1376548
535458	2284626
536193	536222
536224	884952
536949	861526
537191	727211
537408	3089124
537579	1946624
537929	1145021
537929	1159668
538652	801214
538652	802300
539019	1056612
539601	2343037
539648	539935
539910	920502
539935	2842175
540386	3488934
540854	1657277
541654	730318
541654	1367431
541814	1051597
542046	647216
542161	752315
542316	841764
542316	947899
543302	547875
543422	844383
543896	543900
543899	565099
545610	2123974
546210	788560
546262	645706
546262	1927200
546355	3746427
546735	2513306
547105	1264315
547164	547196
547306	913468
547487	1801934
547518	669938
547691	956606
548226	1256362
549136	2238087
549234	731428
549361	1260136
551015	885063
551015	1006550
551146	2615940
551174	1486734
551299	1839084
551890	1638580
552068	720867
553711	3119904
554210	873800
554227	1755652
554237	554261
554579	845088
554579	2030609
554869	664310
554869	2117391
555203	555209
555396	2205383
555996	841124
556482	1202210
556792	1486673
556792	1898955
556792	1899089
557522	570665
557566	786823
557604	850390
557694	2919552
557706	899885
558655	1164288
558768	1001915
558787	1149914
558798	1047868
558798	1908421
558883	1043631
558883	1466303
559128	700726
560105	613857
561166	1094299
561166	1094310
561635	850868
561741	2331846
562239	562256
562239	1770826
562357	1983097
562595	1406964
562648	1151451
562669	994345
563578	2050359
563831	607170
563831	674058
563831	942946
563832	3189202
564060	571590
564806	1716810
564977	1076342
565099	663161
565099	2715236
565168	1950174
565241	1173426
565649	3904448
565942	672819
566024	962641
566732	1211829
566858	741029
566858	2985554
566912	2868319
567223	2378735
567418	3106042
568462	2840917
568557	731165
569500	763224
569500	1265629
569788	925453
570474	1538899
570615	834893
570665	1403803
570874	744836
571221	1003100
571221	2328587
571661	571662
571760	1503062
571955	2196931
572635	572636
572635	889549
572636	889549
572636	1123060
572732	985951
573123	1248910
574518	2439943
575396	991682
575885	1680795
576320	576404
576320	2242818
577149	1535233
577276	2908351
578090	1158433
580631	1353968
582043	1089209
582485	1229157
582589	1582518
582603	1876295
583019	1753182
583675	583679
583675	1864361
583679	1180804
584043	584128
584043	584273
584043	584749
584043	585724
584043	585942
584128	584273
584128	584749
584128	585568
584128	586266
584198	1899221
584198	1899296
584244	840106
584387	892853
584387	1365801
584524	588426
584718	587492
585228	589491
585860	591980
585860	817523
585942	588729
585945	599934
586070	594125
586375	847874
586691	1111716
586691	3574328
587165	1746907
587275	2924053
587492	587890
587492	594869
587639	845306
587872	591555
587872	905895
587886	592827
587890	816745
587957	863281
589154	737960
589491	592198
589491	592420
589704	1120096
589719	844498
589837	591980
589986	912629
590264	1163626
591119	2879675
592727	818794
592818	1112782
593155	599934
593155	617656
593155	669163
593155	704031
593155	1410062
593155	1657767
593155	1797623
593155	2536287
593368	1650908
593880	939276
593880	2633112
594736	862694
597161	852068
597164	976376
597644	1000737
597848	2546664
597986	775607
598119	1142734
598771	599934
598801	599142
599092	1360655
599142	1222602
599419	1712563
599547	704031
599934	1019089
599934	1192606
599934	1410179
600313	1611737
600671	632380
600671	632389
601102	939886
601102	2163925
601213	964455
601453	954822
601453	964786
601513	601626
601517	1208196
603734	3033045
603924	603998
603998	2412911
604160	1950201
604555	1233609
604775	604784
605346	1195891
605419	623306
605443	1013584
605474	605545
605474	1249117
605474	1402260
605559	1479291
605637	709971
605637	710714
605637	714302
605746	1260197
606648	1039525
606976	878839
606976	1811228
607170	897390
607370	949283
607552	1383835
608149	3410985
608327	612804
608359	892984
608487	2035298
608510	1039326
608628	948289
608814	940233
609107	609140
609882	2121749
609961	1094198
609961	1210336
610399	1319461
610567	900423
610599	983989
610739	2030609
611447	819512
611447	1208898
612193	1283642
612232	1362211
612804	889178
613100	1948119
613491	613496
613491	613498
613505	2115069
613512	957546
613857	1531871
613869	2570043
614177	614185
614496	1883002
614510	1377199
615040	665988
615198	708692
615279	1300766
615388	2381875
615437	951984
615582	904119
616376	1975923
616618	948345
617990	1511784
617990	1511806
618694	619879
618744	1246212
618805	2701604
619351	619375
619351	619438
619351	1334173
619351	1415396
619351	2528552
619351	2528600
619351	2529045
619351	2529151
619351	2529273
619375	619438
619779	740842
620016	686478
621126	927537
621302	621308
621308	1322100
621324	807675
621666	1176717
622188	1387679
622292	827759
622292	1033629
624429	1095049
624480	626872
624646	1274786
624703	2890742
625508	1003023
625603	625604
625859	1482019
626054	626056
626056	1051122
627062	1207128
627145	1694922
627278	732650
628847	2103664
628896	697261
629337	1056635
629337	1761637
629390	648526
629639	631365
629861	1025559
629870	699114
629962	1140402
630631	810966
630631	1140322
630980	1071742
631322	1296737
631322	1338336
631868	812212
633838	1565910
633838	2188873
633865	633877
634134	634255
634973	3449229
636254	967348
636375	1570318
637262	1867346
637262	2171142
637462	637475
637874	1461204
638433	2937536
638433	2937643
638455	1088464
640301	979188
640473	1570590
641713	2669374
641713	2950988
641871	646435
642466	1812252
642466	2301498
642798	642820
642798	651699
643793	2051496
644270	1534577
645058	1112954
645058	2599873
645147	1307895
645320	1201167
645900	1232736
646243	646245
646813	1105847
646925	820417
647074	1976367
647419	1590122
648157	648160
648278	1247237
649316	2385399
649830	1870897
650229	1673150
650411	1281589
650825	2507493
650908	2495137
651066	815635
651466	1540006
651640	2321437
651640	3173877
651730	2954503
652168	797249
652189	1110012
654093	1012229
654652	664405
654652	1038204
654696	1685004
654696	2977947
654836	2441620
656842	923562
656960	1243310
656960	1435118
657082	1003100
657524	2847884
658300	900964
659399	2638283
659516	963509
659516	1277069
661399	1160044
661983	951446
662083	1589612
662216	948656
662368	889361
662787	662804
662848	842069
662848	888732
663042	1383934
663190	2294759
663497	698073
663543	1295910
664035	1592606
665122	732650
665122	1638205
665129	1599567
666527	2227643
666812	1366472
666812	1605789
666836	1822113
666872	1656282
667512	999777
667933	2899597
667953	1671445
667972	1671445
668043	1257186
668228	690745
668692	2135781
668738	1841326
669432	1366304
670150	692033
670743	2231810
671146	1360007
671483	705550
671884	994345
672060	1203406
672147	1717150
672329	3169968
672535	2311432
672819	686069
673388	697994
675438	947903
675576	1668970
676105	1226661
676420	805976
676627	2561457
676707	1117068
677664	1675823
678672	1446964
679332	679416
679332	1608286
679765	680169
679765	802674
680169	801214
680602	2270492
680675	680747
680675	2500347
680675	2500446
680782	2652992
680796	680799
681300	1153172
681929	2267191
682304	802839
682304	1945847
682760	700034
682870	841124
682870	1385190
682943	1027365
683138	1099746
683248	841343
683430	2143962
683685	1939368
684268	1466572
684642	684665
685422	685735
685422	685751
685422	685760
685751	685760
686069	1122060
686069	2327098
686625	2343330
687106	1292546
687106	1429551
687971	735319
688006	688007
690344	3304242
690745	739813
692467	1135120
692612	3053855
692874	1505836
693481	2214539
694090	694113
694090	914464
694420	1060601
695581	1228543
695722	2232874
696270	1068754
696374	1687975
697941	1189291
697950	902071
698384	1336203
701367	1825549
701566	951361
701792	1531766
701966	719062
702136	702137
703314	703368
703314	703395
703314	703442
703314	703529
703314	703574
703314	703684
703314	703701
703368	703395
703368	703442
703368	703529
703368	703574
703368	703701
703395	703442
703395	703529
703395	703574
703395	703684
703395	703701
703442	703529
703442	703574
703529	703574
703677	1782816
703677	1937293
703677	2333726
703677	2333739
703677	2333819
703684	703701
704031	923432
704482	704483
705563	2096532
705962	1157203
706611	706639
706611	1341263
706611	2890742
706639	2166424
707304	3175591
707499	913422
707499	1152348
707499	1153146
707499	1300122
707499	1504397
707692	2499637
708067	1223531
708593	1761158
709691	714833
710150	713351
710714	714327
710714	714328
710714	714833
710725	710963
710929	870320
710963	710972
711432	3416989
711432	3416990
712603	788801
713471	3087132
714327	714328
714328	714833
715150	1278908
715277	967848
715277	2553372
715647	737016
715647	2160016
716393	1001915
716393	1051180
717257	948666
717657	1148609
718107	1294139
718107	1566109
718248	950877
718527	1331950
718861	718923
718923	718966
718966	1221460
719062	2604114
719306	1165966
719417	985226
719900	1120588
720150	3423592
720348	2331349
720574	1866702
720844	1173426
720844	1674049
720867	2476087
720987	2433699
721260	1677425
721691	733441
721760	1364073
721987	2929945
722717	2603578
722800	2127421
723338	3233060
723684	1246909
724016	2039541
725925	1673596
726348	726351
726348	970152
726348	2601823
726929	3425210
726967	2090922
727081	727098
727203	895886
727203	1173778
727203	1670108
727596	895886
727596	1173778
727676	1525950
728162	3721836
729295	1012229
730318	730329
731518	2491273
733441	2809810
733845	784520
734705	1265694
734705	2705705
735311	735319
736123	1249921
736209	736210
736760	896634
736827	1629523
737960	1599975
738445	3041549
739051	1650556
739652	1233598
740125	1051507
740446	1483995
741007	3540767
741029	2985554
741637	2071875
743364	1699958
743364	1699968
743419	1254378
743432	896248
744838	1379496
745912	2518406
747056	1654752
747130	1460700
747130	2441052
749197	2655035
750343	2509654
750384	750387
750387	3184160
750387	3184164
750387	3184165
750725	2142960
751191	1324048
752126	1021242
752126	1556351
755590	1135120
758008	3889199
759509	972472
762085	1707434
762641	923090
762641	1543174
762641	1702897
763221	1767150
763224	1383496
772236	1639096
778534	779407
778641	956395
779723	2272502
780277	905468
780714	780717
781812	816741
781955	2237950
781983	2594041
781983	2594064
782131	2293720
783115	988844
783115	1157051
783115	2123364
783187	1303644
785758	1849315
785812	2766901
786125	1109505
787953	1213646
788353	907091
788353	2095012
788801	1511240
788801	2145761
789522	790956
794203	794251
796477	2413548
796858	2025572
797783	2119824
797915	1379383
797982	1131910
798505	1830499
798505	1830782
800589	1945753
800589	2332546
800651	802853
800651	803178
800687	1490780
800764	801281
801214	801265
801520	806378
801915	2128133
802061	805976
802151	802300
802433	802605
802674	1273857
802839	805189
802839	1945753
802839	1945847
802853	803204
803514	2332609
804065	1946954
804066	1374596
804609	2054570
804968	981597
805189	1945792
805189	1945894
805640	1026568
807151	1215575
807496	1102162
807558	1965642
807908	1036334
807908	1373606
808012	877701
808288	1137462
809355	2742479
809535	1153991
809730	2374926
810008	2576797
810430	1001936
810463	916030
810668	1154378
810708	812219
810789	3766481
810954	1502792
811680	2432386
811680	2556626
811680	3175511
811749	1753182
811749	2017288
811776	812597
811776	1277120
811824	1197956
811831	1660255
811875	1296177
812212	1475827
812219	2375850
812256	1101374
812256	1586861
812542	2004658
812597	1277120
813770	1756891
813850	813922
814080	989463
814127	1077707
814405	2598664
814793	916542
814975	1433213
815613	816048
817523	911116
818785	973314
818794	1329870
819243	848780
819512	2451605
819512	3152230
820723	820724
820723	1618227
821146	1456835
821504	1070804
823239	1675658
823915	823923
823923	1490353
827759	1105552
829791	975512
833578	1461270
833799	1734823
833895	959627
834577	2736771
834665	3700989
834739	3028403
835423	1640529
835576	1175976
836244	2406588
836759	1650308
836805	1864525
837261	1343719
837421	1272495
838096	838110
838422	1452722
839727	928124
839727	1986101
840012	840013
840013	1940481
840106	2327947
840183	1336935
840260	915330
840263	2631644
840583	1971632
841764	1515199
842245	1193747
842293	1533415
842294	1943165
846079	1003856
846326	846377
846708	3021167
846900	846901
849162	2164043
849360	2413737
850344	1835200
850868	940109
850886	2581844
851955	2221081
852052	1044749
852950	1604740
853163	1833870
853989	855859
853989	979579
854616	1114568
854624	2267071
855787	855792
855787	855859
855787	856293
855792	855859
855792	856293
855792	856317
855859	980206
857177	2165819
857991	2907525
858500	1012700
859053	2235141
859053	3031576
859101	3092095
859101	3092098
862016	1395460
862016	1778092
862016	1778109
862016	2340413
862179	1603204
862179	2131299
862620	1131648
862694	1800128
863412	1310130
863574	1093805
863574	1390415
863670	2538436
864851	1303477
865750	1064298
866141	1778468
866455	868108
866685	1190002
866685	1452073
867015	2162732
867015	2206658
867677	1220807
868419	1224528
868419	2283571
869552	1102162
870320	1575065
873337	1477989
874094	1893117
875268	891126
875992	1283051
876773	913427
876773	1923639
877193	908862
878255	1816274
880232	2574539
880982	991732
880982	2366226
881066	1709638
881143	881147
883229	1514543
883718	1504397
884345	884346
884345	3560321
884373	1337666
884952	2653434
885063	2933733
885232	918298
885278	1867346
885278	1994162
886530	886532
887085	939289
887956	3094964
887983	908234
888666	3588984
888708	888710
888729	888732
889187	889190
889310	1763815
890186	1009699
892977	894997
893258	949283
893913	3790557
894611	3738693
894788	1822396
895740	1547347
895886	1173778
895886	1670271
897705	984179
898785	1336232
899657	2926730
899885	1019885
900191	1115617
902300	1136531
904119	1920514
904280	1924337
905298	3238258
905350	1108359
905895	1255782
907053	2137179
907053	3031036
907091	2095012
907362	908234
908937	908979
908937	909199
909781	911199
909917	2380275
910808	1207128
911116	950816
913422	997307
913422	1153853
913422	1226459
914219	1441730
914495	3143952
914571	914574
914571	996572
914574	996572
914574	1299143
916030	916235
919086	1607524
919086	2599995
920502	1029500
920535	1030905
920552	1031697
922675	922876
922873	1051540
923443	1212089
924233	1825633
924603	1924639
926437	934658
927527	927537
928365	1092195
929287	929296
929296	2328681
929325	929330
930236	2884906
930271	1346414
931797	1484799
932862	1294123
934078	1851687
935141	1189263
935310	1864883
935424	1282413
937941	1671046
938079	1343444
938189	1618695
938189	2719189
938824	961918
939198	1012229
940262	1209719
940866	1058140
940993	1670108
940993	2808662
942861	1295822
942861	3359913
943347	3298984
943488	1305283
944179	2915593
945806	1652588
945853	1545671
946156	1519869
946203	1475293
947306	1507027
947615	2955451
947899	1210613
948666	990842
949769	950528
950643	1564388
950955	2834068
951446	2861998
951446	3113968
953235	1312357
953438	1228825
953543	2299901
954215	1104722
954743	2197913
954822	1094181
954870	3035710
955805	1116067
956521	1526655
956521	2280594
956701	1532073
956777	1052605
956777	2042977
957013	957118
957013	1094020
957013	1582491
957417	2226380
957546	957550
957546	1937718
957937	1200465
957937	1200477
958738	2182243
959107	2140541
959470	960125
959627	1154581
959799	2782383
960031	995987
960166	1546956
960303	3040501
960418	2029582
960469	1651875
961346	961347
961674	1803432
962641	1392139
963611	963630
964659	2330011
964727	2116823
964767	2247744
964867	964887
964871	1411925
964871	2774244
964918	1044845
965122	1830038
965147	3488934
965396	1568236
965712	2965361
966926	1120082
967931	1713119
970073	1151278
970073	1152074
970464	1369349
971018	1052975
971787	971800
973113	2238334
973785	1358750
974069	974075
974727	974744
974836	975304
976432	1662503
976438	1946549
976729	2551777
977222	987126
977287	1254307
977401	977408
977408	1002225
979249	2876565
979366	979579
980263	1877038
980376	2165819
980990	981067
981030	2025572
982746	1209867
982916	2150376
984323	1217894
984530	1330011
984906	1905229
985843	2115498
987076	1144931
987649	2453259
989552	1106928
989693	1058952
989693	1570721
989814	989834
989814	2419728
990070	1380251
990070	2157332
990282	1415396
991120	1653553
992986	1147272
992986	1653894
993400	1480847
994093	1144162
994108	1610197
995816	1022240
995893	995894
996100	996350
996572	1368669
996751	1299270
996913	1152014
996913	1606602
997525	1070939
998694	998726
1000086	2704650
1000487	1000491
1000696	1061473
1000997	2181699
1001313	1431779
1001480	1001538
1001936	1277120
1001936	1458534
1002823	2582535
1003290	3410599
1003712	1003841
1003712	1003925
1003841	1003925
1004363	2971726
1005392	1301747
1005516	3431763
1006545	1797049
1007073	2679373
1008461	2057611
1010460	1379131
1012612	1059016
1012612	2294759
1013279	1013298
1013413	1993215
1013506	2419686
1014156	1844875
1014156	1844878
1014865	2928564
1015025	1941879
1015094	1573125
1017069	1017543
1017069	1880796
1017479	2408261
1017543	1880796
1018028	1018079
1019816	1019817
1022130	1457921
1022223	3342273
1022575	1786758
1022897	1243310
1023803	1414156
1025816	1218666
1025844	2224721
1026568	1026605
1027034	1499274
1028271	2543372
1028271	2543380
1028271	2543386
1028271	2543402
1028319	1028631
1028954	1029219
1029018	1030912
1030912	1031553
1030960	2089752
1031262	1656525
1031553	1031601
1032040	1588493
1032885	1771131
1033044	2037921
1033629	2698033
1033728	1956736
1033825	1397866
1033825	1921001
1033825	3238517
1033937	1797359
1034694	2337142
1035686	1300555
1035686	1300556
1035686	1301159
1036246	2707036
1036334	1248823
1037940	1818548
1038053	1286643
1038053	3287353
1040140	1344658
1042915	2549857
1043227	1049098
1043641	3427973
1044558	1044575
1044744	1044749
1044744	1466636
1044744	1688247
1044749	1466636
1045065	2189820
1045159	1045162
1045523	1045565
1045523	2008634
1045565	1045603
1045565	1049919
1045750	1529396
1046758	2360078
1047886	2723470
1047928	2307819
1048358	1048364
1049036	1599001
1050271	1051597
1050271	1336609
1050723	3761584
1051122	1190243
1051290	1051400
1051290	1051887
1051290	1051931
1051400	1051750
1051400	1051887
1051400	1051931
1051507	1935667
1051664	2763371
1051750	1051887
1051750	1051931
1051799	1051887
1051799	1051931
1051887	1051924
1051924	1051931
1052123	1052133
1052605	1824121
1053242	1059331
1053242	1059333
1053984	1256841
1054689	2461637
1055141	2864505
1056173	2913502
1056676	1057042
1057042	1310407
1057141	2957790
1057492	1154335
1058140	3181046
1058151	2028035
1058151	2028036
1058816	1734325
1059923	1150152
1060805	1691725
1061218	1390217
1063269	2280951
1063536	1293334
1063539	1807330
1064063	1458971
1064063	2585597
1064149	1065288
1064298	2083907
1066635	2358375
1066635	2856759
1067025	2610862
1068754	1548531
1069402	2993438
1069517	2492256
1069837	1069855
1070214	2172070
1070857	1960447
1070939	1529922
1070994	1159174
1071916	1798967
1074086	2637555
1076002	1076496
1076342	1708604
1076496	2890095
1077276	1274345
1077625	1077633
1077633	1976711
1077633	2112961
1079026	1609349
1079953	1079968
1080360	1611571
1081169	1587725
1081743	1211829
1081820	2039028
1082966	1228396
1083283	1083291
1083294	1216864
1083878	1484358
1084895	1086035
1084895	1086062
1085212	1085590
1085968	1086337
1086523	1191190
1087740	1088857
1091480	1550329
1091480	1907864
1091637	1451708
1091655	1298168
1091834	2854424
1094299	1094310
1094766	1946853
1095972	1825875
1096331	1131772
1099212	2358416
1099797	2235494
1100022	1313908
1103302	1268854
1103302	2470906
1106716	2719310
1106928	2317009
1108359	2492416
1108724	1363021
1108724	2715902
1108928	2525508
1109487	1109505
1110012	2185245
1110012	2270157
1111081	1229249
1111471	1112679
1111992	1113690
1113033	1620377
1115614	3389020
1116067	2574389
1116276	1891072
1116971	1284774
1116992	2794961
1117759	2080464
1117759	2080758
1117759	2080965
1118484	1605797
1118532	1472389
1120588	1120595
1120972	1229719
1121182	1634949
1121660	2065573
1123147	1123508
1123229	1245599
1123242	1194332
1125928	2099033
1133320	3014647
1133464	1607517
1133464	1607524
1133834	1502440
1134559	2176263
1134598	1577770
1135120	1294381
1135262	1257177
1136468	2352382
1137333	2269371
1137462	2797778
1137805	2623144
1137977	2823069
1139700	1977891
1139892	1159249
1143618	2533310
1143618	2872595
1143834	1144015
1143834	1144058
1144015	1144058
1144875	1476476
1144875	1903213
1144931	3635390
1144931	3635393
1146886	1827095
1148348	1529063
1149533	3304355
1149861	1149914
1150152	1548704
1150152	1595115
1152014	1301406
1152305	2373954
1152305	3248488
1153172	1153463
1153281	1153292
1153463	2718719
1154729	1376100
1156197	1561165
1156414	2328095
1157203	1365193
1157203	1715246
1157471	1658787
1157611	1157672
1157611	1570590
1157672	1570590
1157672	2613647
1160888	1160891
1161439	3569203
1161945	2153736
1163369	3122994
1164288	1652731
1164855	3807047
1166065	1658479
1168078	1535482
1168137	1903112
1169574	2182902
1172246	1791847
1172505	2326464
1175601	1297479
1175847	1175848
1179119	2502100
1179545	1504397
1181120	1385660
1181924	1181929
1182293	1872897
1183254	1229249
1184124	1297479
1184371	2555542
1184371	3276003
1184371	3860144
1184371	3975120
1185379	1725936
1185379	2905874
1187559	1187568
1188390	2698992
1188482	1358020
1188731	2973971
1188899	1879450
1189047	1606071
1190521	2736451
1190538	1431208
1190999	1191266
1191403	1365007
1193969	3015219
1195906	1196073
1196362	1580856
1197478	3306676
1198543	2711482
1200110	1237756
1200110	1922951
1200110	2204769
1200465	1200477
1200477	1200483
1201833	1201835
1202490	2529360
1202762	2903005
1203396	1526425
1203567	1203583
1210063	3585694
1210063	3686661
1210537	3218019
1210702	3919044
1212968	1616529
1214169	2405597
1214169	2405637
1214189	2405597
1214189	2405637
1214319	1235613
1214584	1399636
1214871	1214874
1215575	2584290
1215735	1729586
1215984	3516885
1217941	3660829
1219298	1219395
1219298	1297219
1219395	1297219
1220240	1243517
1221841	2280103
1224153	1937718
1226089	1589552
1226744	1226747
1226747	1862663
1227541	2395858
1227763	1365193
1228324	2883627
1229264	1541824
1230186	1230234
1230227	1746315
1230851	2351158
1232920	1232921
1234911	2769191
1236226	2796304
1237756	1836347
1237995	1872054
1240247	1579327
1240507	1297114
1240507	1804457
1240949	2134568
1242045	1803752
1242045	1857910
1242045	2042822
1242808	1980139
1246413	1246414
1246413	2028385
1246414	2028385
1247239	1247240
1247415	2710906
1247492	2513220
1248359	3973712
1249117	1249118
1253392	1253399
1253803	2065604
1254804	1254827
1254804	1254835
1254804	1254843
1254804	1254845
1254827	1254843
1254835	1254843
1254835	1254845
1256596	1258354
1258838	3849927
1260530	1948807
1261852	1261854
1261852	2029627
1261854	2029627
1263637	1333348
1263873	1696097
1265051	1265052
1265493	2319444
1265629	3563983
1266490	1266593
1266593	2712164
1267453	2039121
1268109	1269274
1270156	2321374
1272493	3119734
1273783	1544594
1273783	2314847
1275040	1275080
1275040	1417266
1275182	2254513
1275182	2254521
1277689	2578239
1278627	2072513
1278908	2280465
1279072	1804457
1280684	1714023
1280804	1765253
1281056	1646559
1282746	1416288
1283431	2167047
1283642	1702375
1287154	2062063
1287154	2554707
1287260	1457195
1287929	1759252
1288457	2089257
1288884	1605789
1288884	1605797
1289308	1901588
1289696	1902172
1290251	1291769
1290251	1610409
1290251	2345169
1290435	3837358
1291769	3323806
1292558	1292627
1292804	2353457
1292808	1292817
1293081	1893117
1293709	1818850
1293845	1601982
1295024	2647497
1295219	1849685
1295907	1458861
1296805	1643818
1297438	1297847
1298254	3065040
1298494	3601930
1298545	2386860
1300216	1950432
1300723	1301965
1301324	1839511
1303841	1791280
1305032	2569325
1305179	1305197
1305179	2230618
1307975	3421773
1310407	1310455
1311744	1311748
1312216	1964732
1313202	2321332
1313289	1313290
1313908	2608845
1314204	1859667
1314572	1749015
1314693	1393826
1314693	1766788
1320269	1320276
1320422	1907864
1322861	1966808
1323478	1534734
1325563	1418913
1326049	1548418
1326713	1592702
1327718	1622208
1327951	2952566
1328511	3658569
1330011	1582491
1333608	1333833
1333613	1608183
1334173	1415396
1334173	2529151
1334182	1889291
1334182	2528852
1334182	2529151
1334182	2529155
1335410	1335413
1336139	1704057
1337247	2292292
1339589	1612054
1341903	1342360
1343346	1343502
1345147	2417790
1346558	3089009
1349975	2418119
1353146	1664647
1359674	3493806
1361424	3716603
1361486	2898134
1362395	1740022
1365142	2948539
1365193	1715246
1365733	1529063
1366472	1605789
1367431	2766556
1368202	3368094
1368300	1368317
1369789	1868988
1370226	1370307
1370307	1370491
1370662	1371161
1370677	2724735
1372925	1373293
1373379	2001150
1373460	1538899
1373840	1693120
1373895	3154084
1373916	2245308
1377248	2549828
1378439	2508079
1378957	1891457
1379131	1576283
1381013	1766324
1381013	1766340
1381056	1699441
1383072	1543506
1387075	2417489
1387806	1767235
1390548	3381511
1391294	2947170
1391605	1498723
1392634	2042125
1392651	3129069
1393191	1663522
1393763	1393774
1393774	1471809
1393774	1484619
1394512	1411522
1394512	1411525
1395460	1559518
1395460	1559552
1395460	2083893
1395850	2053553
1398409	2631958
1399022	2027213
1399315	1615356
1401381	2822021
1401694	1834125
1401787	1482196
1401787	3354876
1403161	2394103
1403756	1611938
1403756	2151649
1407840	1996927
1409737	1558638
1409858	2272933
1411093	1411094
1411093	1411145
1411094	1411145
1411478	2514885
1411478	3482009
1411522	1411525
1411610	3093921
1412680	1416601
1412680	1513212
1414368	3068241
1415396	1889255
1415396	2528552
1415396	2528600
1415396	2528852
1415396	2529070
1418875	2461270
1422109	1823807
1422318	3156799
1427067	3077421
1428915	2102751
1430393	2920424
1431635	2836364
1431684	2481822
1434346	2255991
1434708	2854305
1435303	2472787
1435841	2742395
1436768	1505410
1437367	1437454
1437454	1830509
1440051	1956486
1440570	3613381
1440622	2292193
1441111	1525520
1441111	2037921
1441111	3957622
1443686	1666886
1445774	1762514
1447561	2020470
1450819	2460301
1452511	1729368
1452602	2150528
1453324	2336986
1453493	2897620
1453552	3227500
1455467	2292979
1455874	2863078
1457506	1541785
1458244	1458250
1458244	3217988
1458971	2585597
1459777	2225306
1460548	2487143
1460700	2441052
1461270	1536861
1461270	2015919
1461270	2080965
1462321	1462325
1462861	3787452
1462861	3997626
1463610	1968921
1464267	2601616
1464360	1783785
1468269	1996676
1468269	1996713
1468269	2189848
1468662	3689264
1472852	2820554
1475524	1475531
1475653	1548418
1476468	1476476
1477798	2145761
1477989	2596232
1484619	2647522
1484905	2017421
1486260	1956685
1486788	1486792
1486858	1931549
1487933	1760995
1488017	1826550
1489269	1504397
1489470	1898200
1489522	1489524
1497428	1498213
1498184	1498187
1498364	2609256
1499274	1895037
1499499	2211148
1500700	1582807
1504355	1740078
1504397	1504471
1504397	1504522
1504430	1557852
1504471	2700133
1505836	1505929
1506297	2153178
1507066	1878172
1509188	1921369
1509554	1814861
1509554	1814865
1511841	2335588
1515139	2337807
1515389	2073045
1515825	2260551
1516579	1974112
1516854	1516859
1516854	1516945
1516854	1516948
1516854	2153590
1516854	2153626
1516859	1516945
1516859	1516948
1516859	2153590
1516859	2153626
1516945	1516948
1516945	2153590
1516945	2153626
1516948	2153590
1516948	2153626
1517709	1517711
1519161	1847593
1519869	1519872
1519869	1712404
1520024	2682557
1520579	1529702
1523503	1727314
1526781	3313757
1527838	1678448
1528841	3285297
1529043	1529159
1529557	1529826
1530269	2762735
1531628	2527369
1534745	1534771
1535373	1967208
1536861	2080965
1539439	1607394
1540325	1540326
1543412	1543413
1544594	2314728
1546299	1718227
1546956	1547490
1546956	2235365
1546956	2407538
1547490	2235365
1548529	1873900
1549800	2189595
1549862	2768977
1550163	3022447
1551840	1864334
1553508	1560925
1554261	2533407
1554371	1877740
1554985	3603055
1555223	1632508
1555223	3551512
1555223	3551513
1557638	2654305
1558376	1558383
1558777	1919991
1559180	1677425
1559217	2078326
1559518	1559552
1560219	3697777
1561055	3611962
1561589	1562279
1562492	1562507
1562492	1562512
1562507	1562512
1565319	1998499
1566235	1975487
1566729	2070528
1566729	2339515
1568234	1568246
1568269	1568290
1568415	2817701
1568879	1568882
1569674	1853593
1571793	1571794
1574421	2246161
1574833	1574884
1575298	1575307
1575611	1769878
1576122	3945820
1578846	1594612
1580044	1580053
1580044	3479728
1584254	1613914
1584254	1839836
1585227	1832872
1585227	3522141
1588686	3717347
1589612	2018521
1590563	1590566
1591301	1762966
1592173	1757523
1595330	1628885
1599750	2072545
1599984	2384873
1607453	2783805
1610197	2105082
1610640	1610666
1611210	1611601
1611319	1611342
1611938	2151649
1611946	2151649
1615005	1635150
1615220	1615299
1615337	2273436
1619099	2509647
1619858	2638955
1621129	2786380
1622861	2548264
1623413	2758887
1625634	2920662
1626247	1633498
1630133	2096328
1631943	2583785
1631943	3536474
1632508	3551512
1637648	2515228
1639096	2100502
1639870	1639872
1642245	1642304
1644830	2897928
1648315	3178986
1648573	1950174
1649783	2392008
1653553	1653556
1653553	1745215
1653571	3370364
1653894	1970947
1657598	2529651
1659598	1732082
1659598	3186512
1661217	3413032
1661240	2499059
1662204	2816614
1662223	3690962
1664909	2317293
1666372	1666402
1666724	3063034
1668970	1827376
1669150	1827376
1669484	1669798
1671865	1671892
1671865	3112681
1672028	1672031
1673898	3786796
1675823	1744445
1676178	1676184
1677201	1950833
1677268	2885892
1679696	3683929
1680404	2035403
1681705	1713733
1683742	2554269
1685717	1685725
1686219	2526320
1686487	1763993
1691472	1756262
1695871	1696001
1696694	2148443
1697828	2857383
1700707	2228248
1700934	2953646
1700956	1700959
1701718	3019199
1703793	1703794
1705807	2534429
1709056	3526121
1709472	4015465
1710356	2276501
1710443	1710446
1711287	2964311
1711934	2314762
1712943	1735013
1713675	3492254
1713696	2524680
1718492	1730579
1719088	2459402
1726075	1726180
1726818	4015043
1728126	2620518
1728126	3047059
1732082	3179105
1734811	3319710
1734811	3319715
1734823	3196935
1735471	2310298
1735825	3918487
1736955	2034867
1737751	2290170
1739553	2516279
1743967	2187897
1744913	1776820
1747249	2686495
1747363	1747364
1748489	3922273
1753182	2017288
1759165	2591840
1761082	3163844
1761982	3123313
1763545	1846709
1765245	2556204
1766746	2066476
1770585	2065435
1771048	1771051
1772450	1772462
1772923	2409568
1774235	2708545
1775039	1775230
1778412	1778504
1778700	1778701
1780291	1888456
1781104	2698992
1781376	1781426
1782816	1937293
1782816	2333726
1782816	2333739
1782816	2333819
1785027	2382248
1785476	2975921
1785742	1785755
1786015	1786042
1786015	1786048
1786042	1786048
1786105	2211595
1786880	1786886
1788721	2450691
1791404	2888448
1793211	1793215
1794737	3087869
1797623	1797808
1797632	2189848
1797632	2189957
1797856	1797865
1799491	1799492
1799491	1799528
1799491	1799556
1799491	1799610
1799491	2683881
1799491	2683895
1799491	2684047
1799492	1799528
1799492	1799556
1799492	1799610
1799492	2683881
1799492	2683895
1799492	2683918
1799492	2684047
1799528	1799556
1799528	1799610
1799556	1799610
1800405	1983216
1800435	1800466
1801909	2026906
1803865	1803872
1808179	2455784
1808671	1808697
1810612	3874950
1812553	2316857
1817511	1817612
1817682	1817760
1817723	1817740
1820306	3197408
1825087	3319715
1827222	2353829
1828287	1967096
1832423	3327624
1832423	3327625
1835769	3845561
1842856	2123042
1844149	3502756
1845537	2586115
1845865	2863000
1846597	2736771
1848996	2517367
1849939	1849949
1849939	1849962
1849949	1849962
1849949	3216974
1850623	1980517
1857910	2010738
1857910	2042822
1861542	3109496
1862850	3250224
1866810	3176967
1867346	2171142
1871963	2528852
1871963	2529070
1873766	3379241
1877038	2548984
1880561	3130094
1881234	2469456
1881377	1978291
1882488	2978541
1886282	2633497
1888456	2462888
1889255	1889277
1889255	1889291
1889277	1889291
1889291	2529151
1889771	3554661
1890865	2493554
1891156	2801684
1891158	2614845
1891199	1891220
1891215	1891220
1891220	1891290
1891304	2068531
1891304	2529437
1891457	2202891
1891714	1923472
1895453	2417839
1895744	1895766
1896562	2035383
1898031	2545915
1898125	2189578
1898200	2742501
1898278	2653588
1899221	1899296
1899364	4010106
1899703	2908785
1901024	2439016
1901024	2439018
1906257	1906284
1907251	1907253
1915309	1915592
1917174	1940363
1917606	3815409
1919057	2934360
1921531	1931013
1921900	2041831
1922137	1922138
1923289	3819050
1923812	2064677
1925431	1990543
1925431	1990569
1929116	3143346
1934971	2261835
1937293	2333819
1937718	3724656
1937957	2896444
1938058	3560156
1940957	2185870
1948632	3864626
1948834	2784202
1948919	1948932
1948919	2927081
1949075	1949081
1949191	2944692
1951712	1951716
1952771	2887757
1953008	3329882
1955022	2355047
1955374	3318148
1964505	1964506
1964505	1964517
1964505	1964521
1964505	1964534
1964506	1964517
1964506	1964521
1964506	1964534
1964517	1964521
1964517	1964534
1964521	1964534
1964732	2684485
1968898	2292919
1974095	2455784
1976649	2338921
1983352	1983373
1983352	1983395
1983373	1983395
1984253	1984255
1984253	1984259
1984253	2759910
1984255	1984259
1985046	3505781
1987811	4007458
1990024	2368604
1990543	1990569
1993947	2213595
1995690	2220099
1996676	2189848
1996676	2189957
1996676	2469091
1996713	2189848
1996713	2189957
2000948	2007717
2003134	3023854
2006935	2331349
2012572	3226478
2014648	2014649
2015919	2080657
2016747	2215984
2019306	3126556
2020146	2500531
2020194	2543372
2021348	2896047
2031798	2601616
2032707	2507861
2034019	2034020
2034884	3767625
2035641	2035665
2037921	2157327
2041615	2041616
2044252	2975248
2048275	2214906
2051970	2051974
2051974	3850043
2053043	3728224
2059613	2059661
2060034	2839951
2065596	2130152
2066774	3384294
2070528	2339515
2072513	2397303
2074885	2075016
2079979	2079980
2083893	2340126
2087362	3809690
2088899	2221532
2093919	2093920
2094045	2136352
2094045	2240741
2094045	3118506
2094701	3385342
2096015	2096017
2096731	2096738
2096731	2225250
2097312	2631681
2098342	3413874
2105456	2218911
2114461	2114463
2114929	2114955
2114962	2115020
2115010	2288707
2117846	2375428
2118485	3236263
2119136	3087132
2119975	3589954
2122670	2122760
2123042	2485904
2123042	2906870
2126928	2349877
2128133	2539943
2129756	2979516
2131825	2446160
2135126	2262241
2136288	2810899
2145828	2711414
2149352	3156799
2153590	2153626
2154259	2221253
2157260	2342047
2159372	2159374
2162232	3220896
2162732	2446865
2163441	2163449
2163441	3125515
2163449	3125515
2166691	3256556
2168530	3785787
2170108	2870797
2181622	2680776
2182212	2489744
2184542	2184564
2186184	2521191
2186412	2186457
2189848	2189957
2189848	2223572
2189957	2223572
2189957	2469091
2192675	2192856
2193665	3201534
2202927	2202990
2207781	2371954
2208893	2208898
2214199	2214244
2214199	2214273
2214244	2214273
2214539	2214551
2217574	2725519
2217574	2786855
2222750	2367436
2223888	2223889
2226625	2226631
2227293	2227306
2232025	2232027
2234861	2265629
2236140	2457324
2238034	2776794
2239643	2239647
2244019	2527369
2245503	2245504
2248196	2248239
2248196	2248260
2248196	2248271
2248196	2248318
2248239	2248260
2248239	2248271
2248239	2248318
2248260	2248271
2248271	2248318
2249917	2840573
2257658	2275433
2275729	2455639
2275729	3007007
2276076	3259007
2288073	2288077
2299719	2299733
2301217	3490462
2301498	2922469
2301498	3107935
2302652	3049996
2303947	3417905
2312363	2312585
2312460	2312508
2314186	2314194
2316175	2391306
2317723	3782847
2319194	2557632
2329674	3067604
2330194	3826103
2333726	2333739
2333726	2333819
2333739	2333819
2334694	3978150
2335165	2598664
2338084	2338085
2342047	3857544
2344194	3406277
2347511	2740752
2357990	2358002
2363102	2363103
2370164	2370238
2373954	3248488
2377923	2378011
2383441	2383444
2388115	2765563
2400855	4022467
2401776	2580943
2401776	3423949
2404621	2404622
2407855	2407859
2407855	2676368
2411825	2589519
2413737	3838770
2413737	3860144
2414306	2414337
2415841	2642554
2416218	2416223
2416621	2416639
2422455	2816321
2424562	2424563
2431756	2431758
2432386	2556626
2444428	3119939
2445112	3466088
2446865	2991394
2447716	3522886
2455639	3073957
2463614	2463617
2469290	2469291
2479165	2491180
2493331	2493338
2497301	2497352
2497577	2497606
2497577	2497661
2497577	2497696
2497577	2497746
2497577	2497766
2497577	2497773
2497577	2497808
2497606	2497661
2497606	2497746
2497606	2497766
2497606	2497773
2497606	2497808
2497661	2497696
2497661	2497746
2497661	2497766
2497661	2497773
2497661	2497808
2497696	2497746
2497696	2497766
2497696	2497773
2497696	2497808
2497746	2497808
2497766	2497773
2497766	2497808
2497773	2497808
2504916	3955980
2513608	2513615
2521035	2521036
2521361	3166634
2521480	2874179
2528552	2528600
2528552	2529273
2528852	2529070
2531352	2614225
2534622	2986827
2542916	3330981
2543372	2543380
2543372	2543386
2543372	2543402
2543380	2543386
2543380	2543402
2555918	2555927
2558710	2558761
2562402	2562410
2562402	2562506
2562402	2562514
2562402	2562559
2562410	2562506
2562410	2562514
2562410	2562559
2562506	2562514
2562506	2562559
2562514	2562559
2562653	2562686
2562653	2562693
2562686	2562693
2563702	2563788
2563702	2563793
2563702	2563794
2565688	2638292
2571992	2649716
2572082	2572083
2580227	2580301
2580227	2580312
2582202	3591102
2583785	3536474
2585232	2648772
2586835	2586836
2591720	3088206
2593856	2593861
2599692	2599706
2604913	3764785
2606517	2799186
2608833	3414561
2612433	3385233
2613391	3975035
2632410	2632434
2633345	3822167
2639829	2639830
2643963	3213827
2644665	2918659
2651508	2651512
2651876	3346235
2651876	3506374
2653593	3547397
2658087	2658096
2658847	2658849
2658849	3639910
2660610	3146017
2665593	3915654
2666951	3269745
2681312	2681334
2683155	2683170
2683881	2683895
2683881	2684047
2683895	2684047
2695052	3260343
2695804	2999630
2698359	2698360
2703581	2703584
2706563	2706564
2714855	2757169
2717886	3338665
2719985	3799844
2726422	3787334
2741312	2741362
2747624	3049139
2759643	2759709
2771200	3780247
2771269	3780590
2777300	2777310
2779343	2779347
2781440	2781498
2788579	2788581
2794643	3355777
2802823	2802840
2809567	3062571
2813937	2953621
2816161	3704467
2820481	3398731
2824805	2846297
2827747	3518440
2828060	2828061
2829661	2862533
2829890	2829892
2834773	2834826
2853249	3825470
2857287	3051576
2863112	2863123
2868989	2868991
2869215	2869218
2869215	2869220
2869218	2869220
2873768	3020035
2878055	2878075
2878265	2878277
2878265	3238148
2878707	3776776
2880489	3036796
2882608	2882614
2886062	2886065
2902970	3296078
2907582	2970693
2916294	3497956
2924198	3048739
2927111	3119239
2929791	3946189
2948408	3672232
2964143	3926548
2965553	2965556
2965553	2965579
2965556	2965579
2966210	3230980
2971384	2971389
2973265	3593268
2984678	2988201
2984678	3493652
3001278	3210172
3003772	3732292
3011972	3852623
3012235	3174463
3016088	3506107
3023448	3133161
3030591	3030594
3049856	3929822
3054571	3054572
3059700	3059712
3071741	3071743
3071741	3071778
3071743	3071778
3077889	3077895
3080198	3391416
3081011	3081035
3083370	3873003
3112864	3857971
3113689	3319084
3115069	3115088
3120584	3120585
3127351	3413307
3132003	3132005
3132709	3727986
3140233	3140250
3151584	3151594
3151641	3151666
3151641	3151673
3154616	3154642
3159651	3355885
3166292	3166303
3166292	3166318
3166324	3166327
3166597	3166618
3172253	3172278
3172317	3172380
3176782	3176839
3176782	3176842
3176782	3176871
3176839	3176842
3176839	3176871
3176842	3176871
3177197	3522941
3184164	3184165
3199898	3199899
3205042	3490001
3205461	3205462
3209174	3209178
3212894	3212895
3216747	3216751
3230971	3230980
3231268	3231269
3234547	3234562
3234547	3402007
3234547	3568580
3260343	3260350
3262694	3262695
3273056	3889249
3274270	3622141
3289407	3898378
3291016	3291018
3305233	3403400
3319460	3319466
3327097	3327100
3327415	3637791
3328781	3334490
3331345	3331351
3331345	3331366
3331351	3331366
3331351	3331442
3343408	3343413
3368150	3368151
3372511	3372540
3381573	3858547
3385138	3385139
3398666	3469674
3402007	3568580
3406619	3547590
3407171	3691831
3408196	3753450
3409420	3409421
3416645	3416679
3422242	3422291
3422289	3484104
3422830	3422846
3437021	3437033
3437086	3437089
3439275	3439277
3449772	3449773
3457712	3457713
3465571	3465576
3479551	3479553
3481650	3715166
3494266	3635077
3495213	3495221
3495221	3804992
3527027	3527038
3550959	3550960
3554504	3554507
3555261	3555265
3564136	3564177
3564723	3564729
3577206	3577207
3582892	3582898
3585226	3585231
3585694	3686661
3594207	3594208
3607112	3607117
3613574	3613576
3627700	3734129
3635981	3635982
3642150	3642153
3654217	3654220
3654217	3654245
3662589	3662590
3662978	3662979
3669813	3669843
3672970	3672994
3672970	3673003
3672994	3673003
3704467	3704492
3710679	3710704
3743311	3743339
3755816	3755821
3761067	3761071
3775427	3775431
3775427	3775434
3775431	3775434
3780679	3780685
3786519	3982425
3786519	3982457
3787447	3787452
3813961	3813963
3827826	3827833
3864004	3864009
3866605	3866612
3877102	3877109
3883277	3883278
3888392	3888393
3924513	3961222
3933845	3933846
3942380	3942381
3944682	3944683
3950603	3950610
3951034	3951035
3982425	3982457
3993282	3993286
4008632	4008636
4017661	4017667
4024465	4024467
