1334183	1705899	1705900	1705901	1705902	1705907	1705910	1705911	1705913	1705914	1705915	1705916	1705922	1705929	2054331	2054337	2054338	2054339	2054341	2054342	2054343	2054344	2054350	2054351	2054353	2054355	2054357	2054359	2054368	2054371	2054372	3339409	3339413	3339414	3339418	3339420	3339421	3339425	3339447	3339450	3339459	3339499
1334183	1705899	1705900	1705901	1705902	1705907	1705909	1705910	1705911	1705913	1705914	1705915	1705916	1705922	1705929	1838860	2054331	2054337	2054338	2054339	2054341	2054342	2054343	2054344	2054350	2054351	2054352	2054353	2054355	2054368	2054371	3339409	3339413	3339418	3339420	3339425	3339447	3339450	3339459	3339499
905392	905405	905410	905423	2528642	2528643	2528644	2528647	2528649	2528650	2528651	2528657	2528665	2528666	2528667	2528669	2528671	2743561	3060766
15276	173441	905392	905395	905405	905410	905416	905421	905423	2528642	2528643	2528644	2528645	2528647	2528648	2528649	2528650	2528651	2528652	2528656	2528657	2528659	2528660	2528664	2528665	2528666	2528667	2528669	2528671	2528672	2743561	3060766
1334183	1705900	1705901	1705902	1705907	1705909	1705910	1705911	1705914	1705915	1705916	1705929	1838860	2054331	2054337	2054339	2054341	2054342	2054343	2054350	2054351	2054352	2054353	2054355	2054357	2054359	2054368	2054371	2054372	3339409	3339413	3339414	3339418	3339420	3339499
1705899	1705900	1705901	1705902	1705907	1705911	1705913	1705914	1705915	1705922	1705929	1838860	2054337	2054338	2054341	2054343	2054344	2054350	2054351	2054353	2054355	2054357	2054359	2054368	2054372	3339414	3339418	3339425	3339447	3339450	3339459	3339499
15090	15095	15096	15102	15109	15110	15111	15112	15114	15115	15116	15118	15119	15120	15121	15123	15124	15125	15127	15128	15129	15134	15135	15136	15137	15140	15141	15142	15144	15145	15146	15147	15151	15152	15153	15157	15159	15162	15165	15167	15170	15172	15177	15178	15183	15187	15189	15194	15196	15198	15200	15208	15209	15212	15213	15214	15215	15217	15219	15225	15226	15227	15231	15232	15242	15243	15244	15245	15248	15253	15254	15255	15256	15259	15261	15263	15265	15268	15270	15271	15272	1093459	1093461	1093465	1093466	2092807	2166192	2529225
3574421	3593274	3593275	3593276	3593277	3593278	3593281	3593283	3593284	3593285	3593287	3593288	3593290	3593291	3593292	3593293	3593294	3593296	3593299	3593418
1468665	1468666	1468667	1468668	1468670	1468671	1468673	1690988	1711686	2052660	2386883	2386916	2386922	2386925	2386927	2386935	2663667	2663669	2663676
438796	1582280	2050414	2218632	2312460	2312463	2621782	2635187	2635234	2635247	2635282	2635285	2635286	2635287	2635288	2635289	2635290	2635291	2635292	2635295	2635301	2635303	2635304	2635305	2635306	2635308	2635333	2635369	2635375	2635376	2635377	2635378	2635380	2635381	2635383	2635384	2635385	2635386	2635387	2635388	2635390	2635391	2635392	2635394	2635395	2635397	2635398	2635399	2635400	2635413	2635451	2635501
32659	915511	2312460	2312463	2312497	2635234	2635247	2635333
1868609	1868730	1868731	1868733	1868735	1868738	1868739	1868742	1868743	1868744	1868747	1868749	1868750	1868751	1868752	1868753	1868754	1868755	1868756	1868758	1868760	1868761	1868762	1868763	1868764	1868765	1868766	1868767	1868769	1868770	1868771	1868772	1868775	1868777	1868779	1868786	1868787	1868788	1868789	1868790	1868791	2837298	2837301	2837303	2837307	2837311	2837316
15090	15096	15102	15109	15110	15111	15112	15114	15115	15116	15118	15119	15120	15121	15124	15125	15127	15128	15129	15130	15134	15135	15139	15140	15142	15144	15145	15146	15147	15157	15159	15161	15165	15167	15170	15177	15178	15183	15189	15191	15194	15196	15198	15200	15201	15208	15209	15212	15213	15214	15215	15217	15218	15219	15220	15226	15227	15229	15230	15231	15232	15243	15244	15245	15248	15251	15253	15254	15255	15256	15259	15261	15263	15265	15268	15270	15271	15272	1093459	1093461	1093465	1093466	2166192	2529225
588671	693162	823800	914586	914588	914591	914592	914593	914596	914597	914599	914602	914603	914605	914606	914607	914608	914609	914611	914616	914617	914618	914619	914621	914622	914623	914625	914626	914627	914628	914630	914632	914633	914634	914636	914638	914640	914641	914642	914643	914648	914650	914651	914652	914658	914661
113568	202242	441667	442259	530550	818538	823726	914588	914590	914591	914595	914597	914598	914601	914602	914638	914646	918433	918762	1114655	1255778	1616826	1673931	1731653	1799477	1799478	1799479	1799480	1799481	1799482	1799484	1799485	1799490	1799491	1799492	1799493	1799494	1799497	1799500	1799501	1799502	1799503	1799505	1799513	1799515	1799537	1799538	1799539	1799545	1799546	1799562	1799586	1799589	1799599	1799601	1799611	1816455
401154	1711507	1785527	1785529	1785531	1785537	1785539	3313880	3459881	3459882	3459896
588671	693162	823800	914586	914588	914591	914592	914593	914596	914597	914599	914602	914603	914605	914606	914607	914608	914609	914611	914612	914616	914617	914618	914619	914621	914622	914623	914624	914625	914626	914627	914628	914629	914630	914631	914632	914633	914634	914635	914636	914638	914639	914640	914641	914642	914643	914648	914650	914651	914652	914654	914657	914658
590768	844020	971498
2101464	3343375	3343386	3343399	3343401	3343402	3343418	3343440	3343452	3343454	3343463
2972833	2972840	2972841	2972842	2972843	2972844	2972847	2972849	2972850	2972851	2972852	2972854	2972857	2972858	2972860	2972863	2972864	2972867	2972870	2972871	2972875	2972879	2972880	2972881	2972882	2972883	2972884	2972886	2972888	2972890	2972891	2972892	2972894	2972895	2972896	2972897	2972898	2972899	2972900	2972901	2972903	2972904	2972905	2972907	2972908	2972909	2972911	2972912	2972914	2972915	2972916	2972918	2972919	2972920	2972921	2972922	2972923	2972924	2972925	2972926	2972927	2972929	2972930	2972936	2973040
971509	971568	971781	971788	971797	971829	971833	971835	971846	971847	971856	971857	971858	971859	971862	971864	971869	971872	971877	971879	971882	971891	971892	971897	971898	971900	971901	971904	971905	971906	971908	971923	971930	971935	971936	971937	971939	971941	971942	971943	971944	971945	971947	971953	971955	971957	971960	971980	971982	971983	971987	971995	971999	972000	972009	972015	972018	972021	972022	972027	1964684	1964688	1964690	1964692	1964700	1964702	1964705	1964717
113568	202242	441667	442259	530550	584675	818538	823726	914588	914590	914591	914593	914595	914598	914601	914646	918762	1056668	1114655	1255778	1470004	1673931	1731653	1799477	1799479	1799480	1799481	1799482	1799484	1799485	1799488	1799489	1799490	1799492	1799493	1799497	1799500	1799502	1799503	1799504	1799505	1799506	1799513	1799537	1799538	1799539	1799542	1799543	1799545	1799546	1799562	1799573	1799586	1799588	1799589	1799594	1799601	1799604	1799611	1816455	2683791
15096	15102	15109	15110	15112	15114	15115	15116	15118	15119	15120	15124	15125	15127	15128	15129	15135	15137	15139	15140	15142	15146	15147	15151	15153	15157	15161	15178	15183	15187	15191	15194	15196	15198	15200	15208	15212	15213	15215	15217	15218	15219	15220	15221	15225	15226	15229	15230	15231	15244	15248	15251	15254	15261	15263	15268	15270	15271	15272	1093461	1093465	1093466	2166192	2529225
1334183	1705899	1705900	1705901	1705902	1705907	1705909	1705910	1705911	1705913	1705914	1705915	1705916	1705922	1705929	1838860	2054331	2054337	2054338	2054339	2054341	2054342	2054343	2054344	2054350	2054351	2054353	2054355	2054357	2054359	2054368	2054371	2054372	3339409	3339413	3339414	3339418	3339420	3339421	3339425	3339447	3339450	3339459	3339499
1868609	1868730	1868731	1868733	1868735	1868739	1868742	1868744	1868747	1868748	1868749	1868750	1868751	1868752	1868753	1868754	1868755	1868756	1868758	1868760	1868761	1868762	1868763	1868764	1868765	1868766	1868767	1868769	1868770	1868771	1868772	1868775	1868777	1868786	1868787	1868788	1868789	1868790	1868791	2837298	2837300	2837301	2837303	2837307	2837311	2837316
1582280	2218632	2312460	2621782	2635187	2635234	2635247	2635282	2635285	2635286	2635287	2635288	2635289	2635290	2635291	2635292	2635295	2635301	2635303	2635304	2635305	2635306	2635308	2635333	2635369	2635375	2635376	2635377	2635378	2635379	2635381	2635382	2635383	2635384	2635386	2635387	2635388	2635389	2635390	2635391	2635392	2635393	2635394	2635395	2635398	2635399	2635400	2635413	2635451	2635501
1868609	1868730	1868733	1868735	1868742	1868743	1868744	1868747	1868748	1868749	1868750	1868751	1868752	1868753	1868754	1868755	1868756	1868758	1868760	1868761	1868762	1868763	1868764	1868765	1868766	1868767	1868770	1868772	1868775	1868777	1868779	1868786	1868787	1868788	1868789	1868790	1868791	2837298	2837300	2837301	2837307	2837310	2837311	2837316
3574421	3593274	3593275	3593276	3593277	3593278	3593280	3593281	3593283	3593284	3593285	3593287	3593290	3593291	3593292	3593293	3593296	3593299	3593418
1334183	1705899	1705900	1705901	1705902	1705907	1705909	1705910	1705911	1705913	1705914	1705915	1705916	1705922	1705929	1838860	2054331	2054337	2054338	2054339	2054341	2054342	2054343	2054344	2054350	2054351	2054353	2054355	2054357	2054368	2054371	2054372	3339409	3339413	3339418	3339420	3339421	3339425	3339447	3339459	3339499
970984	1468665	1468666	1468667	1468668	1468670	1468671	1468673	1690988	1711686	2052660	2386883	2386916	2386922	2386925	2386927	2663667	2663669	2663676
438796	1582280	2050414	2218632	2312460	2312463	2621782	2635187	2635234	2635247	2635282	2635285	2635286	2635287	2635288	2635289	2635290	2635292	2635295	2635301	2635303	2635304	2635305	2635306	2635308	2635369	2635375	2635376	2635377	2635378	2635379	2635380	2635381	2635383	2635384	2635386	2635387	2635388	2635389	2635390	2635392	2635393	2635394	2635395	2635397	2635398	2635399	2635400	2635413	2635451	2635501
971509	971568	971781	971788	971797	971833	971835	971846	971852	971856	971857	971859	971872	971873	971887	971891	971892	971898	971900	971901	971904	971905	971906	971925	971927	971930	971935	971937	971939	971941	971942	971943	971944	971945	971947	971953	971958	971960	971980	971982	971983	971987	971990	971996	971999	972009	972012	972015	972018	972021	972022	1964684	1964692	1964700	1964702	1964705	1964710	1964717
2218632	2312460	2312463	2621782	2635187	2635234	2635247	2635285	2635286	2635287	2635288	2635289	2635290	2635291	2635292	2635295	2635301	2635303	2635304	2635305	2635308	2635369	2635375	2635376	2635377	2635378	2635379	2635380	2635381	2635382	2635383	2635384	2635386	2635387	2635388	2635389	2635390	2635392	2635393	2635394	2635395	2635398	2635399	2635400	2635413	2635451	2635501
113568	202242	441667	442259	530550	584675	818538	823726	914590	914598	914601	914646	918433	918762	1114655	1255778	1470004	1616826	1673931	1731653	1799477	1799481	1799482	1799484	1799485	1799488	1799489	1799490	1799492	1799493	1799497	1799500	1799501	1799502	1799503	1799504	1799515	1799537	1799538	1799539	1799540	1799542	1799543	1799545	1799546	1799573	1799586	1799588	1799594	1799601	1799604	1799611	1816455	2683791
1868609	1868730	1868731	1868733	1868735	1868738	1868743	1868747	1868748	1868749	1868750	1868751	1868753	1868755	1868756	1868758	1868760	1868762	1868763	1868767	1868775	1868777	1868786	1868787	1868788	1868789	2837298	2837300	2837301	2837303	2837307	2837310	2837316
1582280	2050414	2218632	2312460	2312463	2621782	2635187	2635234	2635247	2635282	2635285	2635286	2635287	2635288	2635289	2635290	2635291	2635292	2635295	2635301	2635303	2635304	2635305	2635306	2635308	2635333	2635369	2635375	2635376	2635377	2635378	2635379	2635380	2635381	2635382	2635383	2635384	2635385	2635386	2635387	2635388	2635389	2635390	2635391	2635392	2635393	2635394	2635395	2635397	2635398	2635399	2635400	2635413	2635451	2635501
1334183	1705899	1705900	1705901	1705902	1705907	1705909	1705910	1705911	1705913	1705914	1705915	1705916	1705922	1705929	1838860	2054331	2054337	2054338	2054339	2054341	2054342	2054343	2054344	2054350	2054351	2054352	2054353	2054355	2054357	2054359	2054368	2054371	2054372	3339409	3339413	3339414	3339418	3339420	3339421	3339425	3339459	3339499
1868609	1868730	1868731	1868733	1868735	1868738	1868739	1868742	1868743	1868744	1868747	1868748	1868749	1868750	1868751	1868752	1868753	1868754	1868755	1868756	1868758	1868760	1868761	1868762	1868763	1868764	1868765	1868766	1868767	1868769	1868770	1868771	1868772	1868775	1868777	1868779	1868786	1868787	1868788	1868789	1868790	1868791	2837298	2837301	2837307	2837310	2837316
1226907	2005624	2556352	2946292	2946300	2946303	2946310	2946311	2946312	2946314	2946316	2946325	2946326	2946327	2946329	2946330	2946333	2946354	2946355	2946356	2946357	2946359	2946392	2946394
15276	173441	905392	905395	905405	905410	905416	905421	905423	2528642	2528643	2528644	2528645	2528647	2528648	2528649	2528650	2528651	2528652	2528653	2528657	2528659	2528660	2528664	2528665	2528666	2528667	2528669	2528671	2528672	3060766
32659	915511	2312460	2312463	2312497	2635333
2101464	3343375	3343386	3343390	3343396	3343399	3343401	3343402	3343405	3343418	3343440	3343452	3343454	3343463
12276	1468667	2052656	2052659	2235563	2386909	2386913	2386914	2386916	2386917	2386920	2386927	2663659	2663660
15090	15095	15096	15102	15109	15110	15111	15112	15114	15115	15116	15118	15119	15120	15121	15123	15124	15125	15127	15128	15129	15130	15134	15135	15136	15137	15138	15139	15140	15141	15142	15144	15145	15146	15147	15151	15152	15153	15157	15159	15161	15162	15165	15167	15170	15172	15177	15178	15183	15187	15189	15191	15194	15196	15198	15200	15201	15208	15209	15212	15213	15214	15215	15217	15218	15219	15220	15221	15225	15226	15227	15229	15230	15231	15232	15242	15243	15244	15245	15248	15251	15253	15254	15255	15256	15259	15261	15263	15265	15268	15270	15271	15272	1093459	1093461	1093465	1093466	2092807	2166192	2529225
2050414	2218632	2312460	2312463	2621782	2635187	2635234	2635247	2635282	2635286	2635287	2635288	2635289	2635290	2635292	2635295	2635301	2635303	2635304	2635308	2635369	2635375	2635376	2635377	2635378	2635379	2635380	2635381	2635382	2635383	2635384	2635386	2635388	2635389	2635390	2635392	2635393	2635394	2635395	2635397	2635398	2635399	2635400	2635413	2635451	2635501
1334183	1705899	1705900	1705901	1705902	1705907	1705909	1705910	1705913	1705914	1705915	1705916	1705929	2054331	2054337	2054338	2054341	2054342	2054343	2054344	2054350	2054351	2054353	2054355	2054357	2054359	2054368	2054371	2054372	3339409	3339413	3339418	3339420	3339425	3339459	3339499
971509	971781	971797	971829	971833	971835	971846	971847	971852	971856	971857	971858	971859	971862	971864	971869	971872	971873	971877	971879	971882	971887	971891	971892	971897	971898	971900	971901	971904	971905	971906	971908	971923	971925	971930	971935	971936	971937	971939	971941	971942	971943	971944	971945	971947	971953	971955	971957	971958	971960	971980	971982	971983	971987	971990	971995	971996	971999	972000	972009	972012	972015	972018	972021	972022	972027	1964684	1964688	1964690	1964692	1964700	1964702	1964705	1964710	1964717
3885615	3885616	3885622	3885638	3885656	3885664	3885667
1334183	1705899	1705900	1705901	1705902	1705907	1705909	1705910	1705911	1705913	1705914	1705915	1705916	1705922	1705929	1838860	2054331	2054337	2054338	2054339	2054341	2054342	2054343	2054344	2054350	2054351	2054352	2054353	2054355	2054357	2054359	2054368	2054371	3339413	3339414	3339418	3339420	3339425	3339447	3339450	3339459	3339499
970984	1468665	1468666	1468667	1468668	1468670	1468671	1468673	1690988	1711686	2052660	2386883	2386916	2386922	2386925	2386927	2386935	2663667	2663669	2663676
971568	971788	971797	971829	971835	971846	971847	971852	971856	971857	971858	971859	971862	971864	971869	971872	971873	971877	971879	971882	971887	971891	971892	971897	971898	971900	971901	971904	971905	971906	971908	971923	971925	971930	971935	971936	971937	971939	971942	971943	971944	971945	971947	971953	971955	971957	971958	971960	971980	971982	971983	971987	971990	971995	971996	971999	972000	972009	972012	972015	972018	972021	972022	972027	1964684	1964688	1964690	1964692	1964700	1964702	1964705	1964710	1964717
15276	173441	905392	905405	905410	905416	905423	2528643	2528644	2528645	2528648	2528649	2528650	2528651	2528652	2528653	2528656	2528657	2528659	2528660	2528664	2528665	2528666	2528667	2528669	2528671	2528672	2743561	3060766
1868609	1868730	1868731	1868733	1868735	1868738	1868742	1868743	1868744	1868747	1868748	1868749	1868750	1868751	1868752	1868753	1868754	1868755	1868756	1868758	1868760	1868761	1868762	1868763	1868764	1868765	1868766	1868767	1868769	1868771	1868772	1868775	1868777	1868779	1868786	1868787	1868788	1868789	1868790	1868791	2837298	2837300	2837301	2837303	2837310	2837311	2837316
15276	173441	905392	905395	905405	905410	905416	905421	905423	2528642	2528643	2528644	2528645	2528647	2528648	2528649	2528650	2528651	2528652	2528653	2528656	2528657	2528659	2528660	2528664	2528665	2528666	2528667	2528669	2528671	2528672	2743561
970984	1468665	1468666	1468667	1468668	1468670	1468671	1468673	1690988	1711686	2052660	2386922	2386925	2386927	2386935	2663667	2663669	2663676
1582280	2050414	2218632	2312460	2312463	2621782	2635187	2635234	2635247	2635282	2635285	2635286	2635287	2635288	2635289	2635290	2635291	2635292	2635295	2635301	2635303	2635304	2635305	2635306	2635308	2635333	2635369	2635375	2635376	2635377	2635378	2635379	2635380	2635381	2635382	2635383	2635384	2635385	2635386	2635387	2635388	2635389	2635390	2635391	2635392	2635393	2635395	2635397	2635398	2635399	2635400	2635413	2635451	2635501
1226907	2005624	2556352	2946300	2946303	2946310	2946311	2946316	2946324	2946325	2946327	2946330	2946333	2946354	2946356	2946359	2946392
15090	15095	15096	15102	15109	15110	15111	15112	15115	15116	15118	15119	15120	15121	15123	15124	15125	15127	15128	15129	15130	15134	15135	15136	15137	15138	15139	15140	15141	15142	15144	15145	15146	15147	15151	15152	15153	15157	15159	15161	15162	15165	15167	15170	15172	15177	15183	15187	15189	15191	15194	15196	15198	15200	15201	15208	15209	15212	15213	15214	15215	15217	15218	15219	15220	15221	15225	15226	15227	15229	15230	15231	15232	15242	15244	15245	15248	15251	15253	15254	15255	15256	15259	15261	15263	15265	15268	15270	15271	15272	1093459	1093461	1093465	1093466	2092807	2166192	2529225
2068643	2068645	2580188
1132576	1364691	2727873	2973232	2973253	2973254	2973255	2973256	2973257	2973259	2973260	2973261	2973262	2973263	2973264	2973265	2973266	3593259	3593260	3593261	3593263	3593264	3593265	3593266	3593267	3593268	3593269
1226907	2005624	2556352	2946300	2946303	2946310	2946311	2946312	2946316	2946326	2946327	2946329	2946330	2946333	2946354	2946355	2946356	2946357	2946359	2946392	2946394
915511	2312460	2312463	2312497	2635234	2635247	2635333
971509	971568	971781	971788	971797	971829	971833	971835	971846	971847	971852	971856	971857	971858	971859	971862	971864	971869	971872	971873	971877	971879	971882	971887	971891	971892	971897	971898	971900	971901	971904	971905	971906	971908	971923	971925	971927	971930	971935	971936	971937	971939	971941	971942	971943	971944	971945	971947	971953	971955	971957	971958	971960	971980	971982	971983	971987	971990	971995	971996	971999	972000	972009	972012	972015	972018	972021	972022	972027	1964684	1964688	1964690	1964692	1964700	1964702	1964705	1964710	1964717
12276	1468667	1690988	2052656	2052659	2235563	2386909	2386913	2386914	2386916	2386917	2386920	2386927	2663659	2663660
113568	202242	442259	530550	584675	823726	914590	914598	914601	914638	914646	918433	918762	1056668	1114655	1255778	1470004	1616826	1673931	1731653	1799477	1799478	1799480	1799481	1799482	1799484	1799485	1799488	1799489	1799491	1799492	1799493	1799494	1799497	1799503	1799504	1799505	1799538	1799539	1799540	1799542	1799546	1799573	1799586	1799588	1799599	2683791
438796	1582280	2050414	2218632	2312460	2312463	2621782	2635187	2635234	2635247	2635282	2635285	2635286	2635287	2635288	2635289	2635290	2635291	2635292	2635295	2635301	2635303	2635304	2635305	2635306	2635308	2635333	2635369	2635375	2635376	2635377	2635378	2635379	2635380	2635381	2635382	2635383	2635384	2635385	2635386	2635387	2635388	2635389	2635390	2635391	2635392	2635393	2635394	2635395	2635397	2635398	2635399	2635400	2635413	2635451	2635501
15096	15102	15110	15112	15114	15115	15118	15119	15120	15121	15123	15124	15125	15127	15129	15130	15134	15135	15136	15138	15140	15142	15144	15145	15146	15147	15151	15153	15157	15159	15161	15162	15165	15167	15170	15177	15178	15183	15189	15191	15194	15196	15200	15201	15212	15213	15215	15218	15219	15220	15225	15226	15227	15230	15231	15232	15248	15251	15253	15254	15255	15256	15259	15261	15263	15265	15268	15270	15271	15272	1093465	1093466	2092807	2166192	2529225
2477675	3984673	3984674
2417448	2743468	2743471	2743480	2743481	2743494	2743499	2743500	2743517	2743520	2743523	2743525	2743526	2743527	2743529	2743532	2743533	2743535	2743536	2743547
970984	1468665	1468666	1468667	1468668	1468670	1468671	1468673	1690988	2052660	2386883	2386916	2386922	2386925	2386927	2663667	2663669	2663676
2972843	2973162	2973176	2973177	2973178	2973179	2973180	2973181	2973182	2973183	2973185	2973186	2973187	2973189	2973190	2973191	2973192	2973193	2973194	2973195	2973196	2973199	2973201	2973202	2973203	2973204	2973205
2050414	2218632	2312460	2312463	2621782	2635187	2635234	2635247	2635286	2635287	2635288	2635289	2635290	2635291	2635292	2635295	2635301	2635303	2635304	2635305	2635306	2635308	2635333	2635375	2635376	2635377	2635378	2635380	2635381	2635382	2635383	2635384	2635386	2635387	2635388	2635389	2635390	2635391	2635392	2635393	2635394	2635395	2635397	2635398	2635399	2635400	2635413	2635451	2635501
113568	202242	441667	442259	530550	584675	818538	823726	914590	914595	914598	914601	914646	918433	918762	1056668	1114655	1255778	1470004	1616826	1673931	1731653	1799477	1799478	1799479	1799480	1799481	1799482	1799484	1799485	1799488	1799489	1799490	1799491	1799492	1799493	1799494	1799497	1799500	1799501	1799502	1799503	1799504	1799505	1799506	1799513	1799515	1799537	1799538	1799539	1799540	1799542	1799543	1799545	1799546	1799562	1799573	1799586	1799588	1799589	1799594	1799599	1799601	1799604	1799611	1816455	2683791
703309	703310	703335	703370	703496
970661	2818035	2878093	2878121
1774429	2417448	2743468	2743480	2743481	2743494	2743499	2743500	2743517	2743520	2743523	2743525	2743526	2743527	2743529	2743532	2743533	2743535	2743536	2743538	2743547
15276	905392	905395	905405	905416	905421	2528647	2528648	2528650	2528651	2528653	2528656	2528657	2528659	2528660	2528666	2528667	2528669	2528671	2528672	2743561	3060766
3574421	3593274	3593275	3593280	3593283	3593284	3593285	3593288	3593290	3593291	3593293	3593294	3593296	3593299	3593418
2972833	2972840	2972841	2972842	2972843	2972844	2972847	2972848	2972849	2972850	2972851	2972852	2972854	2972857	2972858	2972860	2972863	2972867	2972870	2972871	2972875	2972879	2972880	2972881	2972882	2972883	2972884	2972886	2972888	2972890	2972891	2972892	2972894	2972895	2972896	2972897	2972898	2972899	2972900	2972901	2972902	2972903	2972904	2972905	2972907	2972908	2972909	2972911	2972912	2972914	2972915	2972916	2972917	2972918	2972919	2972920	2972921	2972922	2972923	2972924	2972925	2972927	2972929	2972930	2972936	2973040
1334183	1705899	1705900	1705902	1705907	1705909	1705910	1705911	1705913	1705914	1705915	1705916	1705922	1705929	1838860	2054331	2054337	2054338	2054339	2054341	2054342	2054343	2054344	2054350	2054351	2054353	2054355	2054357	2054359	2054368	2054371	2054372	3339409	3339413	3339418	3339420	3339421	3339447	3339450	3339459	3339499
15090	15096	15102	15109	15110	15111	15112	15114	15115	15118	15119	15120	15121	15123	15124	15125	15127	15128	15129	15130	15134	15135	15136	15137	15138	15139	15140	15141	15144	15145	15146	15147	15151	15152	15153	15159	15162	15165	15167	15172	15178	15183	15187	15189	15191	15196	15198	15200	15201	15212	15213	15214	15215	15217	15218	15219	15220	15221	15225	15226	15227	15229	15230	15231	15232	15242	15243	15244	15245	15248	15251	15253	15254	15255	15259	15261	15263	15265	15268	15270	15271	15272	1093459	1093461	1093465	1093466	2166192	2529225
2972833	2972840	2972841	2972842	2972843	2972844	2972847	2972848	2972849	2972850	2972852	2972854	2972857	2972858	2972860	2972863	2972864	2972870	2972871	2972875	2972879	2972880	2972881	2972882	2972883	2972884	2972886	2972888	2972890	2972891	2972892	2972894	2972895	2972896	2972897	2972898	2972899	2972900	2972901	2972902	2972903	2972904	2972905	2972907	2972908	2972909	2972911	2972912	2972914	2972915	2972916	2972917	2972918	2972919	2972920	2972921	2972922	2972923	2972924	2972925	2972926	2972927	2972929	2972930	2972936	2973040
1226907	2005624	2556352	2946292	2946300	2946303	2946310	2946311	2946312	2946314	2946324	2946325	2946326	2946333	2946354	2946356	2946357	2946359	2946392	2946394
12276	2052656	2052659	2235563	2386909	2386913	2386914	2386916	2386917	2386920	2386927	2663659	2663660
15090	15096	15102	15109	15110	15112	15114	15115	15116	15118	15119	15120	15121	15124	15125	15127	15128	15129	15130	15134	15135	15136	15137	15140	15141	15142	15144	15145	15146	15147	15151	15152	15157	15159	15162	15165	15167	15170	15177	15183	15189	15191	15194	15196	15198	15200	15201	15208	15209	15212	15213	15214	15215	15217	15218	15219	15220	15221	15225	15226	15227	15229	15231	15232	15242	15243	15244	15245	15248	15251	15253	15254	15255	15259	15261	15263	15265	15268	15270	15271	15272	1093459	1093461	1093465	1093466	2092807	2166192	2529225
588671	823800	914588	914591	914592	914597	914599	914602	914603	914605	914607	914608	914609	914611	914612	914617	914618	914621	914622	914623	914625	914626	914627	914628	914629	914632	914633	914643	914661
1868609	1868730	1868731	1868733	1868735	1868738	1868739	1868742	1868743	1868744	1868747	1868748	1868749	1868750	1868751	1868752	1868753	1868754	1868755	1868756	1868758	1868760	1868761	1868762	1868763	1868764	1868765	1868766	1868767	1868769	1868770	1868771	1868772	1868775	1868777	1868779	1868786	1868787	1868788	1868789	1868790	1868791	2837298	2837300	2837301	2837307	2837310	2837316
1468665	1468666	1468667	1468668	1468670	1468671	1690988	1711686	2052660	2386883	2386916	2386922	2386925	2386927	2386935	2663667	2663669	2663676
3998824	3998826	3998827	3998828	3998829	3998830	3998832	3998834	3998835	3998837	3998838
2101464	3343375	3343386	3343390	3343396	3343399	3343402	3343405	3343418	3343440	3343452	3343463
3112715	3112716	3112717	3112718	3112731	3112745	3381966	3381995
15090	15095	15096	15102	15109	15110	15112	15114	15115	15118	15119	15121	15123	15124	15125	15127	15128	15129	15135	15137	15138	15139	15140	15141	15142	15144	15145	15146	15147	15151	15152	15153	15157	15159	15161	15162	15165	15167	15170	15172	15177	15183	15187	15189	15191	15194	15196	15198	15200	15201	15208	15209	15212	15213	15214	15215	15217	15218	15219	15220	15221	15225	15226	15227	15229	15230	15231	15232	15242	15244	15245	15248	15251	15253	15254	15255	15259	15261	15263	15265	15268	15270	15271	15272	1093459	1093461	1093465	1093466	2166192	2529225
1868609	1868730	1868731	1868733	1868735	1868738	1868739	1868742	1868743	1868744	1868747	1868749	1868750	1868751	1868752	1868753	1868754	1868755	1868756	1868758	1868760	1868761	1868762	1868763	1868764	1868765	1868766	1868767	1868769	1868770	1868771	1868772	1868775	1868777	1868779	1868786	1868787	1868788	1868789	1868790	1868791	2837298	2837300	2837301	2837307	2837310	2837311	2837316
1334183	1705899	1705907	1705909	1705910	1705911	1705916	2054331	2054339	2054341	2054351	2054352	2054353	2054355	2054357	2054371	2054372	3339409	3339413	3339418	3339420	3339421
1334183	1705899	1705900	1705901	1705902	1705907	1705909	1705910	1705911	1705913	1705914	1705915	1705916	1705922	1705929	1838860	2054331	2054337	2054339	2054341	2054342	2054343	2054344	2054350	2054351	2054353	2054355	2054368	2054371	2054372	3339409	3339413	3339418	3339420	3339425	3339447	3339450	3339459	3339499
939752	1256335	1256343	1797628	1797653	1865529	1996461	1996468	1996474	1996475	1996476	1996478	1996480	1996483	1996484	1996488	1996490	1996492	1996495	1996505	1996511	1996515	1996516	1996518	1996524	1996526	1996527	1996528	1996529	1996534	1996536	1996538	1996541	1996542	1996543	1996544	1996546	1996549	1996551	1996553	1996555	1996559	1996560	1996565	1996568	1996570	1996572	1996573	1996576	1996583	1996587	1996588	1996591	1996596	1996600	1996601	1996602	1996603	1996605	1996606	1996610	1996612	1996615	1996618	1996621	1996625	1996633	1996634	1996635	1996636	1996644	1996647	1996662	1996663	1996671	1996703	1996704	1996709	1996710	2189839	2189858	2189868	2189877	2189882	2223535	2223540	2223557
3885615	3885616	3885619	3885621	3885622	3885624	3885626	3885627	3885630	3885638	3885641	3885652	3885656	3885664	3885667	3885668	3885670
113568	441667	442259	530550	584675	818538	914598	914601	918762	1114655	1255778	1616826	1799477	1799478	1799481	1799482	1799485	1799488	1799489	1799490	1799491	1799492	1799493	1799497	1799501	1799506	1799513	1799515	1799538	1799540	1799543	1799589	1799594	1799599	1816455
1774429	2417448	2743468	2743471	2743481	2743494	2743500	2743517	2743525	2743526	2743527	2743529	2743532	2743533	2743535	2743536	2743538	2743547
15276	173441	905392	905395	905405	905410	905416	905421	905423	2528642	2528643	2528644	2528645	2528647	2528648	2528649	2528650	2528651	2528652	2528653	2528656	2528657	2528659	2528660	2528664	2528665	2528666	2528667	2528669	2528671	2528672	2743561	3060766
15090	15095	15096	15102	15109	15110	15111	15112	15114	15115	15116	15118	15119	15120	15121	15123	15124	15125	15127	15128	15129	15130	15134	15135	15136	15137	15138	15139	15140	15141	15142	15144	15145	15146	15151	15152	15153	15157	15159	15165	15167	15170	15177	15178	15183	15187	15194	15196	15198	15200	15208	15209	15212	15213	15214	15215	15217	15218	15219	15220	15221	15225	15226	15227	15229	15230	15231	15232	15244	15245	15248	15251	15253	15254	15255	15259	15261	15268	15270	15271	15272	1093461	1093465	1093466	2092807	2166192	2529225
3112715	3112716	3112717	3112718	3112731	3112745	3381995
1868609	1868730	1868731	1868733	1868735	1868742	1868743	1868744	1868747	1868748	1868749	1868750	1868751	1868752	1868753	1868754	1868755	1868756	1868758	1868760	1868761	1868762	1868763	1868764	1868765	1868766	1868767	1868769	1868770	1868771	1868772	1868775	1868777	1868779	1868787	1868788	1868789	1868790	1868791	2837298	2837300	2837301	2837303	2837307	2837310	2837311	2837316
403762	566899	792137
202242	818538	823726	914588	914590	914595	914598	914601	914638	914646	918433	918762	1056668	1114655	1255778	1470004	1616826	1673931	1799479	1799481	1799484	1799485	1799488	1799489	1799490	1799491	1799492	1799493	1799494	1799497	1799500	1799501	1799503	1799504	1799505	1799506	1799513	1799537	1799538	1799539	1799542	1799546	1799562	1799573	1799586	1799588	1799599	1799601	1799604	1816455	2683791
4034183	4034184	4034186
1774429	2417448	2743468	2743471	2743480	2743481	2743494	2743499	2743500	2743517	2743520	2743523	2743525	2743526	2743527	2743529	2743533	2743535	2743536	2743538
2218632	2312460	2621782	2635187	2635234	2635247	2635285	2635286	2635287	2635288	2635289	2635292	2635295	2635301	2635303	2635304	2635305	2635306	2635308	2635369	2635375	2635376	2635377	2635378	2635379	2635380	2635381	2635382	2635383	2635386	2635388	2635389	2635390	2635391	2635392	2635393	2635394	2635395	2635398	2635399	2635400	2635413	2635451	2635501
2972833	2972840	2972841	2972842	2972843	2972844	2972847	2972848	2972849	2972850	2972851	2972852	2972854	2972857	2972858	2972860	2972863	2972864	2972867	2972870	2972871	2972875	2972879	2972880	2972881	2972882	2972883	2972884	2972886	2972888	2972890	2972891	2972892	2972894	2972895	2972896	2972897	2972898	2972899	2972900	2972901	2972902	2972903	2972904	2972905	2972907	2972908	2972909	2972911	2972912	2972914	2972915	2972916	2972917	2972918	2972919	2972920	2972921	2972923	2972925	2972926	2972927	2972929	2972930	2972936	2973040
1774429	2417448	2743468	2743471	2743481	2743494	2743500	2743517	2743525	2743526	2743527	2743532	2743533	2743535	2743536	2743538	2743547
1334183	1705899	1705900	1705901	1705902	1705907	1705909	1705910	1705911	1705913	1705914	1705915	1705916	1705922	1705929	1838860	2054331	2054337	2054338	2054339	2054341	2054342	2054343	2054344	2054350	2054351	2054352	2054353	2054355	2054357	2054359	2054368	2054371	2054372	3339413	3339418	3339420	3339425	3339447	3339450	3339459	3339499
2972833	2972840	2972841	2972842	2972843	2972844	2972847	2972848	2972849	2972850	2972851	2972852	2972854	2972857	2972858	2972860	2972863	2972864	2972867	2972870	2972871	2972875	2972879	2972880	2972881	2972882	2972883	2972884	2972886	2972888	2972890	2972891	2972892	2972894	2972895	2972896	2972897	2972898	2972899	2972900	2972901	2972902	2972903	2972904	2972905	2972907	2972908	2972909	2972911	2972912	2972914	2972915	2972916	2972917	2972918	2972919	2972920	2972921	2972922	2972923	2972924	2972925	2972926	2972927	2972929	2972930	2972936	2973040
703309	703310	703335	703348	703370	703496
2218632	2312460	2312463	2621782	2635187	2635234	2635247	2635285	2635286	2635287	2635288	2635289	2635292	2635295	2635301	2635303	2635304	2635305	2635308	2635333	2635369	2635375	2635376	2635378	2635379	2635380	2635381	2635382	2635383	2635385	2635386	2635388	2635389	2635390	2635392	2635393	2635394	2635395	2635398	2635399	2635400	2635413	2635451	2635501
1226907	2005624	2556352	2946292	2946300	2946303	2946310	2946311	2946312	2946314	2946316	2946324	2946325	2946326	2946327	2946329	2946330	2946333	2946354	2946355	2946356	2946359	2946392	2946394
1582280	2050414	2218632	2312460	2621782	2635187	2635234	2635247	2635282	2635285	2635286	2635287	2635288	2635289	2635290	2635291	2635292	2635295	2635301	2635303	2635304	2635305	2635306	2635308	2635333	2635375	2635376	2635377	2635378	2635379	2635380	2635381	2635382	2635383	2635384	2635385	2635386	2635387	2635388	2635389	2635390	2635391	2635392	2635393	2635394	2635395	2635397	2635398	2635399	2635400	2635413	2635451	2635501
1226907	2005624	2556352	2946292	2946300	2946303	2946310	2946311	2946312	2946314	2946316	2946324	2946325	2946326	2946327	2946329	2946330	2946333	2946354	2946355	2946356	2946357	2946359	2946392	2946394
383149	1715364	3938200
970984	1468665	1468666	1468667	1468668	1468670	1468671	1690988	1711686	2052660	2386883	2386916	2386922	2386925	2386927	2386935	2663667	2663669	2663676
2972939	2972940	2972941	2972942	2972943	2972944	2972945	2972948	2972950	2972951	2972955	2972956	2972958	2972959	2972965	2972966	2972968	2972969	2972990	2973043	2973084	2973085	2973087	2973088	2973089	2973090	2973091	2973092	2973094	2973095	2973097	2973098	2973099	2973100	2973101	2973103	2973105	2973106	2973107	2973108	2973109	2973110	2973111	2973113	2973114	2973115	2973116	2973117	2973118	2973120	2973121	2973123
3574421	3593274	3593275	3593276	3593277	3593278	3593280	3593281	3593283	3593284	3593285	3593287	3593288	3593290	3593291	3593292	3593293	3593294	3593296	3593299	3593418
32659	438796	2312497
1868609	1868730	1868731	1868733	1868735	1868739	1868742	1868743	1868744	1868747	1868748	1868749	1868750	1868751	1868752	1868753	1868754	1868755	1868756	1868758	1868760	1868761	1868762	1868763	1868764	1868765	1868766	1868767	1868769	1868770	1868771	1868772	1868775	1868777	1868779	1868787	1868788	1868789	1868790	1868791	2837298	2837300	2837301	2837303	2837307	2837310	2837311	2837316
1039850	2837687	3796450
113568	202242	441667	442259	530550	584675	818538	823726	914590	914595	914598	914601	914646	918433	918762	1056668	1114655	1255778	1470004	1616826	1673931	1731653	1799477	1799478	1799479	1799480	1799481	1799482	1799484	1799485	1799488	1799489	1799490	1799491	1799492	1799493	1799494	1799497	1799500	1799501	1799502	1799503	1799504	1799506	1799513	1799515	1799537	1799538	1799539	1799540	1799542	1799543	1799545	1799546	1799562	1799573	1799586	1799588	1799589	1799594	1799599	1799601	1799604	1799611	1816455	2683791
971498	971509	971568
1774429	2417448	2743471	2743480	2743481	2743494	2743499	2743517	2743520	2743523	2743525	2743526	2743527	2743529	2743532	2743533	2743535	2743536	2743547
588671	693162	823800	914586	914588	914592	914593	914597	914602	914606	914607	914609	914611	914617	914618	914619	914621	914622	914623	914624	914625	914626	914627	914628	914629	914630	914631	914632	914634	914635	914636	914638	914639	914641	914642	914643	914648	914650	914651	914652	914654	914657	914658	914661
588671	693162	823800	914586	914591	914592	914593	914596	914597	914599	914602	914603	914605	914606	914607	914609	914611	914612	914616	914617	914618	914619	914621	914622	914623	914624	914625	914626	914627	914628	914629	914630	914631	914632	914634	914635	914636	914638	914639	914640	914641	914642	914643	914648	914650	914651	914652	914654	914658
2275182	2562699	2562700	2562704	2562707	2562711	2562715	2562719	2562722	2562729	2562734	2562737	2562740	2562743	2562748	2562751	2562753	2562754	2562756	2562763	2562764	2562765	2562766	2562768	2562782
1774429	2417448	2743468	2743471	2743480	2743481	2743494	2743499	2743500	2743517	2743520	2743523	2743525	2743526	2743527	2743529	2743532	2743533	2743535	2743536	2743538	2743547
2110940	2110941	2110942	2110943	2110944	2110945	2265879	3474632	3474633	3474634	3474635	3474636	3474637	3474639	3474640	3474641	3474642	3474643	3474644	3824212
1226907	2005624	2556352	2946292	2946300	2946303	2946310	2946311	2946312	2946314	2946316	2946324	2946325	2946326	2946327	2946329	2946354	2946355	2946356	2946357	2946359	2946392	2946394
15090	15095	15096	15111	15112	15114	15115	15119	15120	15121	15124	15125	15128	15130	15134	15135	15140	15147	15152	15153	15159	15167	15170	15172	15183	15191	15194	15196	15200	15209	15212	15213	15214	15215	15217	15218	15219	15220	15227	15231	15243	15244	15245	15248	15251	15253	15254	15255	15259	15261	15263	15265	15268	15270	15271	15272	1093459	1093461	1093465	1093466	2166192	2529225
2972833	2972840	2972841	2972842	2972843	2972844	2972847	2972848	2972849	2972850	2972851	2972852	2972854	2972857	2972858	2972860	2972863	2972864	2972867	2972870	2972871	2972875	2972879	2972880	2972881	2972882	2972883	2972884	2972886	2972888	2972890	2972891	2972892	2972894	2972895	2972896	2972897	2972898	2972899	2972900	2972901	2972902	2972903	2972904	2972905	2972907	2972908	2972909	2972911	2972912	2972914	2972915	2972916	2972917	2972918	2972919	2972921	2972922	2972923	2972924	2972925	2972926	2972927	2972929	2972930	2972936	2973040
693162	823800	914586	914588	914591	914592	914596	914597	914599	914602	914603	914605	914606	914608	914609	914611	914616	914618	914619	914622	914623	914624	914625	914626	914627	914628	914629	914630	914632	914636	914638	914639	914641	914642	914643	914648	914650	914651	914652	914654	914657	914658
15090	15096	15102	15109	15110	15112	15114	15115	15116	15118	15119	15120	15121	15124	15127	15128	15130	15135	15139	15140	15141	15142	15144	15145	15146	15147	15151	15153	15157	15161	15167	15170	15172	15177	15178	15183	15189	15194	15196	15198	15200	15201	15208	15209	15212	15213	15214	15215	15217	15218	15219	15220	15221	15226	15227	15229	15230	15231	15232	15244	15245	15248	15251	15253	15254	15255	15256	15259	15261	15263	15265	15268	15271	15272	1093459	1093461	1093465	1093466	2166192	2529225
1334183	1705899	1705900	1705901	1705902	1705907	1705909	1705910	1705911	1705913	1705914	1705915	1705916	1705922	1705929	1838860	2054331	2054337	2054338	2054339	2054341	2054343	2054344	2054350	2054351	2054353	2054355	2054357	2054359	2054368	2054371	2054372	3339409	3339413	3339414	3339418	3339420	3339421	3339425	3339447	3339450	3339459	3339499
971509	971568	971781	971788	971797	971829	971833	971835	971846	971847	971852	971856	971857	971858	971859	971862	971864	971869	971872	971873	971877	971879	971882	971887	971891	971892	971897	971898	971900	971901	971904	971905	971906	971908	971923	971925	971927	971930	971935	971936	971937	971939	971941	971942	971943	971944	971947	971953	971955	971957	971958	971960	971980	971982	971983	971987	971990	971995	971996	972000	972009	972012	972015	972018	972021	972022	972027	1964684	1964688	1964690	1964692	1964700	1964702	1964705	1964710	1964717
15276	173441	905392	905395	905405	905410	905416	905421	905423	2528642	2528643	2528644	2528645	2528647	2528648	2528649	2528650	2528651	2528652	2528653	2528656	2528657	2528659	2528664	2528665	2528666	2528667	2528669	2528671	2528672
1868609	1868730	1868731	1868733	1868735	1868738	1868739	1868742	1868743	1868744	1868747	1868749	1868750	1868751	1868752	1868753	1868754	1868755	1868756	1868758	1868760	1868761	1868762	1868763	1868764	1868765	1868766	1868767	1868769	1868770	1868771	1868772	1868775	1868777	1868779	1868786	1868787	1868788	1868789	1868790	1868791	2837298	2837301	2837303	2837307	2837310	2837316
1334183	1705899	1705900	1705901	1705902	1705907	1705909	1705910	1705911	1705913	1705914	1705915	1705916	1705922	1705929	1838860	2054331	2054337	2054338	2054339	2054341	2054342	2054343	2054344	2054350	2054351	2054352	2054353	2054355	2054357	2054359	2054368	2054371	2054372	3339409	3339413	3339414	3339418	3339420	3339425	3339447	3339459	3339499
939752	1256335	1256343	1797628	1797630	1797653	1865529	1996461	1996468	1996474	1996475	1996476	1996478	1996480	1996483	1996484	1996488	1996490	1996492	1996495	1996505	1996511	1996515	1996516	1996518	1996524	1996526	1996527	1996528	1996529	1996534	1996536	1996538	1996541	1996542	1996543	1996544	1996546	1996549	1996551	1996553	1996555	1996559	1996560	1996565	1996568	1996570	1996572	1996573	1996576	1996583	1996587	1996588	1996591	1996596	1996600	1996601	1996602	1996603	1996605	1996606	1996610	1996612	1996615	1996618	1996621	1996625	1996633	1996634	1996635	1996636	1996644	1996647	1996662	1996663	1996671	1996703	1996704	1996709	1996710	2189839	2189858	2189868	2189877	2189882	2223535	2223540	2223557
3112715	3112716	3112718	3112731	3112745	3381966	3381995
2110940	2110941	2110942	2110943	2110944	2110945	2110947	2265879	3474632	3474633	3474634	3474635	3474636	3474637	3474638	3474639	3474640	3474641	3474642	3474643	3474644	3474645	3824212
588671	693162	823800	914586	914588	914591	914592	914593	914596	914597	914599	914602	914603	914605	914606	914607	914608	914609	914611	914612	914616	914617	914618	914619	914621	914622	914623	914624	914625	914626	914627	914628	914629	914630	914631	914632	914633	914634	914635	914636	914638	914639	914640	914641	914642	914643	914648	914650	914651	914652	914654	914657	914658	914661
32659	915511	2312463
